comments{
  Cavern generated by Hognose v0.06.09
  https://github.com/charredUtensil/hognose
  seed: 0x19991102
  biome: Biome.LAVA
  has monsters: yes
  target size: 61x61
}
info{
rowcount:63
colcount:63
camerapos:Translation: X=4050.000 Y=16650.000 Z=0.000 Rotation: P=45.000000 Y=45.000000 R=0.000000 Scale X=1.000 Y=1.000 Z=1.000
biome:lava
creator:hognose
levelname:HN-A199-91102
opencaves:55,13/
spiderrate:10
spidermin:2
spidermax:4
version:2023-08-14-1
}
tiles{
38,38,38,38,38,38,38,38,38,38,38,38,38,38,38,38,38,38,38,38,38,38,38,38,38,38,38,38,38,38,38,38,38,38,38,38,38,38,38,38,38,38,38,38,38,38,38,38,38,38,38,38,38,38,38,38,38,38,38,38,38,38,38,
38,38,38,38,38,38,38,38,38,38,38,38,38,38,38,38,38,38,38,38,38,38,38,38,38,38,38,38,38,38,38,38,38,38,38,38,38,38,38,38,38,38,38,38,38,38,38,38,38,38,38,38,38,34,38,38,38,38,38,38,38,38,38,
38,38,38,38,38,38,38,38,38,38,38,38,38,38,38,34,38,38,34,38,38,38,38,38,38,38,38,38,38,38,38,38,38,38,38,38,38,38,38,38,38,38,38,38,38,38,38,38,38,38,38,38,34,34,38,38,38,38,38,38,38,38,38,
38,38,38,38,38,34,34,38,38,38,38,38,34,34,34,34,34,34,34,34,38,38,38,38,38,38,38,38,38,38,38,38,38,38,38,38,38,38,38,38,38,38,38,38,38,38,38,38,38,38,38,34,30,30,34,38,38,38,38,38,38,38,38,
38,38,38,38,34,30,30,46,38,38,38,34,34,34,34,30,34,34,34,34,34,38,38,38,38,38,38,38,38,38,38,38,38,38,38,38,38,38,38,34,34,34,38,38,38,38,38,38,38,38,34,30,101,101,30,34,38,38,38,38,38,38,38,
38,38,38,34,30,101,101,30,34,34,34,34,30,30,30,26,30,30,30,30,34,34,38,38,38,38,38,38,34,34,38,38,38,38,38,38,38,34,34,101,101,34,38,38,38,38,38,38,34,34,30,101,101,101,101,30,34,38,38,38,38,38,38,
38,38,34,30,101,106,101,30,30,34,34,34,30,30,26,26,26,26,26,26,30,34,34,38,38,38,38,34,101,101,34,34,38,38,38,38,38,34,101,106,101,30,34,38,38,38,38,34,34,30,101,101,111,111,101,101,30,34,38,38,38,38,38,
38,38,34,30,101,106,101,101,30,34,34,30,26,26,101,101,101,101,101,26,30,30,34,34,38,38,34,101,101,106,101,30,34,38,38,34,34,30,101,106,101,30,30,34,34,38,38,34,30,101,101,111,111,111,101,101,30,30,34,38,38,38,38,
38,38,34,30,101,106,101,30,30,26,26,26,26,26,101,101,101,101,101,101,26,30,34,34,34,38,34,34,101,106,101,30,30,34,34,30,30,30,101,26,30,101,101,30,30,34,34,30,101,101,111,111,111,111,101,101,101,30,30,34,38,38,38,
38,38,34,30,101,106,101,30,34,34,34,30,30,26,26,101,101,101,101,101,101,101,30,30,30,38,30,30,101,106,101,30,30,30,30,101,101,30,30,30,30,30,101,101,101,30,30,101,101,111,111,101,101,111,111,101,101,30,30,34,38,38,38,
38,38,34,30,101,101,30,34,34,34,34,34,30,26,26,101,26,26,26,26,26,101,101,101,101,30,26,30,101,106,101,101,30,101,101,101,30,30,34,34,30,30,30,30,30,30,101,101,111,111,101,26,26,101,111,111,101,101,30,34,38,38,38,
38,38,38,34,30,30,46,38,38,38,34,34,34,30,26,26,26,30,26,30,30,30,30,30,101,101,101,30,30,101,30,34,30,30,30,30,34,34,38,38,34,30,30,30,30,101,101,111,111,101,26,34,26,101,111,111,101,101,30,34,34,38,38,
38,38,38,34,34,34,38,38,38,38,34,34,34,34,30,30,30,34,30,34,34,34,34,38,30,30,30,38,38,34,34,38,34,34,34,34,38,38,38,38,38,34,34,30,30,101,101,111,111,101,26,34,26,26,111,111,101,101,101,30,34,38,38,
38,38,38,38,34,38,38,38,38,38,38,38,38,34,34,30,34,34,34,34,34,34,38,38,38,38,38,38,38,38,38,38,38,34,38,38,38,38,38,38,38,38,34,34,30,101,101,111,111,101,26,34,26,26,101,111,111,101,101,30,34,38,38,
38,38,38,38,38,38,38,38,38,38,38,38,38,38,34,34,34,34,34,34,34,38,38,38,38,38,38,38,38,38,38,38,38,38,38,38,38,38,38,38,38,38,38,34,30,101,101,111,111,101,26,34,26,101,111,111,101,101,30,34,38,38,38,
38,38,38,38,38,38,38,38,38,38,38,38,38,38,38,34,38,38,34,38,38,38,38,38,38,38,38,38,38,38,38,38,38,38,38,38,38,38,38,38,38,38,34,30,30,101,101,111,111,101,26,26,101,111,111,101,101,101,30,34,38,38,38,
38,38,38,38,38,38,38,38,38,38,38,38,38,38,38,38,38,38,38,38,38,38,38,38,38,38,38,38,38,38,38,38,38,38,38,38,38,38,38,38,38,38,38,34,30,101,101,111,111,111,101,101,111,111,101,101,101,30,34,38,38,38,38,
38,38,38,38,38,38,38,38,38,38,38,38,38,38,38,38,38,38,38,38,38,38,38,38,38,38,38,38,38,38,38,38,38,38,38,38,38,38,38,38,38,38,38,34,30,101,101,101,111,111,111,111,111,101,101,30,30,34,38,38,38,38,38,
38,38,38,38,38,38,38,38,38,38,38,38,38,38,38,38,38,38,38,38,38,38,38,38,38,38,38,38,38,38,38,38,38,38,38,38,38,38,38,38,38,38,38,38,34,30,101,101,101,111,111,111,101,101,30,34,34,38,38,38,38,38,38,
38,38,38,38,38,38,38,38,38,34,34,34,38,38,38,38,38,38,38,38,38,38,34,34,34,34,34,38,38,38,38,38,38,38,38,38,38,38,38,38,38,38,38,38,34,30,101,101,101,111,111,101,101,30,34,38,38,38,38,38,38,38,38,
38,38,38,38,38,38,34,34,34,30,30,34,34,38,38,38,38,38,38,38,38,34,30,30,30,30,30,34,34,34,38,38,38,38,38,38,38,38,38,38,38,38,38,38,38,34,30,101,101,101,101,101,30,34,34,38,38,38,38,38,38,38,38,
38,38,38,38,38,34,30,42,30,30,111,30,34,34,38,38,38,38,38,38,34,30,101,101,101,101,101,30,30,34,38,38,38,38,38,38,38,38,38,38,38,38,38,38,38,34,30,30,101,101,101,30,34,38,38,38,38,38,38,38,38,38,38,
38,38,38,38,38,34,30,111,111,106,106,106,42,34,38,38,38,38,38,34,30,101,106,106,106,106,106,101,101,30,34,38,38,38,38,38,38,38,38,38,38,38,38,38,38,38,34,30,30,101,101,30,34,38,38,38,38,38,38,38,38,38,38,
38,38,38,34,34,30,111,111,106,26,26,106,106,106,106,38,38,38,34,30,26,106,106,106,106,106,106,106,101,101,30,34,38,38,38,38,38,38,38,38,38,38,38,38,38,38,38,34,34,30,30,34,34,38,38,38,38,38,38,38,38,38,38,
38,38,38,34,42,111,111,30,30,30,30,106,106,106,106,106,106,106,106,30,26,106,106,106,106,106,106,106,106,101,30,30,34,38,38,38,38,38,38,38,38,34,38,38,38,38,38,34,34,34,30,34,34,38,38,38,38,38,34,38,38,38,38,
38,38,38,38,34,30,111,26,42,106,106,106,106,106,106,106,106,106,106,106,106,106,106,106,101,101,106,106,106,101,30,30,34,38,38,38,38,38,38,38,34,34,38,38,38,38,38,34,34,34,30,34,34,38,34,38,34,34,30,34,38,38,38,
38,38,38,38,38,34,30,111,111,106,106,106,106,106,106,106,106,106,106,106,106,106,106,101,101,101,101,106,106,106,101,30,34,38,38,38,38,38,34,34,26,26,34,38,38,38,38,38,34,34,30,30,30,34,34,34,30,30,101,30,34,38,38,
38,38,38,38,38,34,30,30,111,111,111,106,106,106,106,106,106,106,106,106,106,106,101,26,38,101,101,106,106,106,101,30,34,38,38,38,38,34,34,101,34,26,34,38,38,38,38,38,34,30,101,101,101,30,30,30,106,106,106,30,34,38,38,
38,38,38,38,38,38,34,34,42,30,30,34,38,38,106,106,106,106,106,106,106,106,101,26,38,101,101,106,106,106,106,101,30,34,38,38,34,34,101,106,101,34,34,34,34,34,34,34,30,101,106,106,106,106,106,106,26,30,101,30,34,38,38,
38,38,38,38,38,38,38,38,34,34,34,38,38,38,38,38,34,106,106,106,106,106,101,101,38,26,101,106,106,106,106,101,101,30,30,30,30,30,101,106,101,30,26,26,26,26,30,30,101,101,106,106,106,101,30,30,30,30,30,34,34,38,38,
38,38,38,38,38,38,38,38,38,38,38,38,38,38,38,34,30,101,106,106,106,106,101,101,38,26,101,101,106,106,106,106,106,101,30,34,38,34,101,101,30,34,34,34,34,34,34,34,30,101,101,101,101,101,30,30,34,34,30,34,38,38,38,
38,38,38,38,38,38,38,38,38,38,38,38,38,38,34,30,101,106,106,106,106,101,101,101,101,101,101,106,106,106,106,106,106,101,30,34,38,38,34,34,26,26,34,34,34,34,34,34,30,26,30,101,30,30,34,34,38,34,26,26,34,38,38,
38,38,38,38,38,38,38,38,38,38,38,38,38,38,34,30,101,106,106,106,106,101,101,101,101,106,106,106,106,106,106,106,106,101,30,34,34,38,38,38,38,101,38,38,38,38,38,38,34,30,34,30,34,34,38,38,38,38,34,26,34,38,38,
38,38,38,38,38,38,38,38,38,38,38,38,38,38,34,30,101,101,106,106,106,106,101,101,106,106,106,106,106,106,106,106,101,30,34,38,38,38,38,38,38,101,101,38,38,38,38,34,38,34,38,34,38,38,38,38,38,38,34,26,34,38,38,
38,38,38,38,38,38,38,38,38,38,38,38,38,38,38,34,30,101,106,106,106,106,106,106,106,106,106,106,101,106,106,106,101,30,34,38,38,38,38,38,38,38,101,101,38,38,34,34,38,38,38,38,38,38,38,38,38,38,34,30,34,38,38,
38,38,38,38,38,38,38,38,34,38,38,38,38,38,38,38,34,30,101,101,106,106,106,106,106,106,106,26,30,101,101,101,30,34,38,38,38,38,38,38,38,38,38,30,34,34,30,30,34,38,38,38,38,38,38,38,38,34,101,101,34,38,38,
38,38,38,38,38,38,34,42,34,38,38,38,38,38,38,38,34,34,30,101,101,106,106,106,106,106,106,34,34,30,30,30,34,38,38,38,38,38,38,38,38,38,34,26,26,30,30,30,30,34,38,38,38,38,38,38,34,101,106,106,101,34,38,
38,38,38,38,38,34,106,106,106,34,38,38,38,38,38,38,34,38,34,30,30,106,106,106,106,106,106,34,34,30,30,34,38,38,38,38,38,38,38,38,34,34,30,30,26,26,30,30,30,30,34,34,38,38,38,38,34,101,106,106,101,34,38,
38,38,38,38,34,106,106,106,106,106,34,34,34,34,34,38,38,38,38,34,34,106,106,106,106,106,106,34,38,34,34,34,38,38,38,38,38,38,38,34,34,30,30,30,30,26,30,101,30,30,30,34,34,38,38,38,34,101,106,106,101,34,38,
38,38,38,34,106,106,106,106,106,106,106,34,30,30,30,34,34,38,38,38,34,106,106,106,106,106,106,34,38,34,38,38,38,38,38,38,38,38,34,30,30,30,30,101,101,101,101,101,101,30,30,30,34,38,38,38,38,34,101,101,34,38,38,
38,38,34,106,106,106,42,30,106,106,106,34,26,101,101,30,30,34,34,34,34,106,106,106,106,106,106,106,34,38,38,38,38,38,38,38,38,38,34,30,30,30,26,101,101,101,101,101,101,101,30,30,30,34,38,38,38,38,34,30,34,38,38,
38,34,106,106,106,106,30,30,106,106,106,106,34,30,101,101,101,30,30,30,30,106,106,106,106,106,106,34,38,38,38,38,38,38,38,38,38,38,38,34,30,30,30,101,101,101,101,101,101,101,101,30,30,30,34,34,38,38,34,26,34,38,38,
38,34,34,106,106,106,30,30,106,106,106,34,30,30,30,30,101,30,30,30,106,106,106,106,106,106,106,34,34,38,38,34,34,38,38,38,38,34,34,30,30,30,101,101,101,101,101,101,101,101,101,101,30,30,30,34,38,38,34,30,34,38,38,
38,34,34,106,106,106,106,106,106,106,34,38,34,30,30,30,30,30,101,101,106,106,106,106,106,106,106,34,38,34,34,30,30,34,38,38,34,34,34,30,30,30,30,101,101,101,101,101,101,101,101,101,26,26,30,34,38,34,101,101,34,38,38,
38,38,34,106,106,106,106,106,106,106,34,38,38,34,34,30,30,30,101,101,106,106,106,106,106,106,30,34,34,30,30,26,26,30,34,34,30,30,30,26,26,26,26,101,101,101,101,101,101,101,101,30,30,26,26,30,30,101,106,106,106,34,38,
38,38,38,34,106,106,106,106,42,42,38,38,38,38,38,34,34,30,101,101,106,106,106,106,106,101,30,30,30,30,26,26,26,30,30,30,101,101,30,26,30,30,30,26,30,101,101,101,101,101,30,30,30,34,34,46,101,101,106,106,106,34,38,
38,38,38,38,34,106,106,34,38,38,38,38,38,38,38,38,38,34,30,101,106,106,106,106,101,30,30,101,101,101,26,26,26,101,101,101,101,30,30,30,30,30,30,30,30,30,101,101,30,30,30,30,34,38,38,38,34,101,106,106,106,34,38,
38,38,38,38,38,34,34,38,38,38,38,38,38,38,38,38,38,38,34,30,101,106,106,101,30,30,30,30,30,101,101,101,101,101,30,30,30,30,34,30,30,30,30,30,30,30,30,30,30,30,30,34,38,38,38,38,34,106,106,106,106,38,38,
38,38,38,38,38,38,38,38,38,38,38,38,38,38,38,38,38,38,38,34,30,101,101,30,30,30,30,30,30,30,101,101,26,26,30,30,30,34,34,34,34,30,30,30,30,30,30,30,30,30,34,34,38,38,38,38,34,106,106,106,34,38,38,
38,38,38,38,38,38,38,38,38,38,38,38,38,38,38,38,38,38,38,38,34,30,30,34,34,34,34,34,34,30,101,26,30,26,26,34,34,38,38,38,38,34,34,30,34,34,30,30,34,34,38,38,38,38,38,38,106,106,106,106,38,38,38,
38,38,38,38,38,38,38,38,38,38,38,38,38,38,38,30,30,30,38,38,38,34,34,38,38,38,38,34,30,101,101,30,30,30,26,26,34,34,38,38,38,38,38,34,38,38,34,34,34,38,38,38,38,38,38,38,106,106,106,38,38,38,38,
38,38,38,38,38,38,38,38,38,38,38,38,38,38,30,1,1,30,38,38,38,38,38,38,38,38,34,30,101,101,30,34,34,34,34,26,26,26,34,38,38,38,38,38,38,38,38,38,38,38,38,38,38,38,38,38,106,106,106,38,38,38,38,
38,38,38,38,38,38,38,38,38,38,38,38,38,30,1,1,1,30,38,38,50,38,38,38,38,38,34,30,101,30,34,38,38,38,38,34,34,26,30,34,38,34,38,38,38,38,38,38,38,38,38,38,38,38,38,106,106,106,106,38,38,38,38,
38,38,38,38,38,38,38,38,38,38,30,30,30,1,1,1,30,34,34,34,34,34,38,38,38,34,30,26,101,30,34,38,38,38,38,38,38,34,30,30,34,101,34,38,38,38,38,38,38,38,38,38,38,38,38,106,106,106,38,38,38,38,38,
38,38,38,38,38,38,38,38,38,30,1,26,26,14,1,1,26,26,26,26,26,26,34,34,34,101,46,26,30,34,38,38,38,38,38,38,38,34,101,101,101,101,34,34,34,34,34,34,38,34,38,38,38,34,106,106,106,106,38,38,38,38,38,
38,38,38,38,38,38,38,38,38,30,1,30,26,14,1,1,1,1,30,34,34,30,101,101,101,101,101,30,34,38,38,38,38,38,38,38,34,101,106,106,106,106,101,46,26,26,26,26,34,34,34,34,34,101,106,106,106,38,38,38,38,38,38,
38,38,38,38,38,38,38,38,38,38,30,1,1,1,1,1,30,30,38,38,38,34,101,106,106,106,106,101,34,38,38,38,38,38,38,38,38,34,101,101,101,101,101,34,34,34,34,26,26,26,26,30,101,106,106,106,106,34,38,38,38,38,38,
38,38,38,38,38,38,38,38,38,38,38,30,30,30,30,30,38,38,38,38,38,34,101,101,101,101,101,34,34,38,38,38,38,38,38,38,38,38,34,34,34,34,34,34,34,34,34,34,34,34,34,34,101,106,106,106,101,34,34,38,38,38,38,
38,38,38,38,38,38,38,38,38,38,38,38,38,38,38,38,38,38,38,38,38,38,34,101,101,101,34,38,38,38,38,38,38,38,38,38,38,38,38,38,38,38,38,38,38,38,34,34,34,34,34,34,34,106,106,101,101,101,34,38,38,38,38,
38,38,38,38,38,38,38,38,38,38,38,38,38,38,38,38,38,38,38,38,38,38,34,101,101,34,38,38,38,38,38,38,38,38,38,38,38,38,38,38,38,38,38,38,38,38,38,38,38,38,38,34,34,101,34,34,34,34,38,38,38,38,38,
38,38,38,38,38,38,38,38,38,38,38,38,38,38,38,38,38,38,38,38,38,38,38,34,34,38,38,38,38,38,38,38,38,38,38,38,38,38,38,38,38,38,38,38,38,38,38,38,38,38,38,38,38,34,38,38,38,38,38,38,38,38,38,
38,38,38,38,38,38,38,38,38,38,38,38,38,38,38,38,38,38,38,38,38,38,38,38,38,38,38,38,38,38,38,38,38,38,38,38,38,38,38,38,38,38,38,38,38,38,38,38,38,38,38,38,38,38,38,38,38,38,38,38,38,38,38,
38,38,38,38,38,38,38,38,38,38,38,38,38,38,38,38,38,38,38,38,38,38,38,38,38,38,38,38,38,38,38,38,38,38,38,38,38,38,38,38,38,38,38,38,38,38,38,38,38,38,38,38,38,38,38,38,38,38,38,38,38,38,38,
}
height{
0,0,0,0,0,0,0,0,0,0,0,0,0,0,0,0,0,0,0,0,0,0,0,0,0,0,0,0,0,0,0,0,0,0,0,0,0,0,0,0,0,0,0,0,0,0,0,0,0,0,0,0,0,0,0,0,0,0,0,0,0,0,0,0,
0,0,0,0,0,0,0,0,0,0,0,0,0,0,0,0,0,0,0,0,0,0,0,0,0,0,0,0,0,0,0,0,0,0,0,0,0,0,0,0,0,0,0,0,0,0,0,0,0,0,0,0,0,0,0,0,0,0,0,0,0,0,0,0,
0,0,0,0,0,0,0,0,0,0,0,0,0,0,0,0,0,0,0,0,0,0,0,0,0,0,0,0,0,0,0,0,0,0,0,0,0,0,0,0,0,0,0,0,0,0,0,0,0,0,0,0,0,0,0,0,0,0,0,0,0,0,0,0,
0,0,0,0,0,0,0,0,0,0,0,0,0,0,0,0,0,0,0,0,0,0,0,0,0,0,0,0,0,0,0,0,0,0,0,0,0,0,0,0,0,0,0,0,0,0,0,0,0,0,0,0,0,0,0,0,0,0,0,0,0,0,0,0,
0,0,0,0,0,0,0,0,0,0,0,0,0,0,0,0,0,0,0,0,0,0,0,0,0,0,0,0,0,0,0,0,0,0,0,0,0,0,0,0,0,0,0,0,0,0,0,0,0,0,0,0,0,0,0,0,0,0,0,0,0,0,0,0,
0,0,0,0,0,0,0,0,0,0,0,0,0,0,0,0,0,0,0,0,0,0,0,0,0,0,0,0,0,0,0,0,0,0,0,0,0,0,0,0,0,0,0,0,0,0,0,0,0,0,0,0,0,0,0,0,0,0,0,0,0,0,0,0,
0,0,0,0,0,0,0,0,0,0,0,0,0,0,0,0,0,0,0,0,0,0,0,0,0,0,0,0,0,0,0,0,0,0,0,0,0,0,0,0,0,0,0,0,0,0,0,0,0,0,0,0,0,0,0,0,0,0,0,0,0,0,0,0,
0,0,0,0,0,0,0,0,0,0,0,0,0,0,0,0,0,0,0,0,0,0,0,0,0,0,0,0,0,0,0,0,0,0,0,0,0,0,0,0,0,0,0,0,0,0,0,0,0,0,0,0,0,0,0,0,0,0,0,0,0,0,0,0,
0,0,0,0,0,0,0,0,0,0,0,0,0,0,0,0,0,0,0,0,0,0,0,0,0,0,0,0,0,0,0,0,0,0,0,0,0,0,0,0,0,0,0,0,0,0,0,0,0,0,0,0,0,0,0,0,0,0,0,0,0,0,0,0,
0,0,0,0,0,0,0,0,0,0,0,0,0,0,0,0,0,0,0,0,0,0,0,0,0,0,0,0,0,0,0,0,0,0,0,0,0,0,0,0,0,0,0,0,0,0,0,0,0,0,0,0,0,0,0,0,0,0,0,0,0,0,0,0,
0,0,0,0,0,0,0,0,0,0,0,0,0,0,0,0,0,0,0,0,0,0,0,0,0,0,0,0,0,0,0,0,0,0,0,0,0,0,0,0,0,0,0,0,0,0,0,0,0,0,0,0,0,0,0,0,0,0,0,0,0,0,0,0,
0,0,0,0,0,0,0,0,0,0,0,0,0,0,0,0,0,0,0,0,0,0,0,0,0,0,0,0,0,0,0,0,0,0,0,0,0,0,0,0,0,0,0,0,0,0,0,0,0,0,0,0,0,0,0,0,0,0,0,0,0,0,0,0,
0,0,0,0,0,0,0,0,0,0,0,0,0,0,0,0,0,0,0,0,0,0,0,0,0,0,0,0,0,0,0,0,0,0,0,0,0,0,0,0,0,0,0,0,0,0,0,0,0,0,0,0,0,0,0,0,0,0,0,0,0,0,0,0,
0,0,0,0,0,0,0,0,0,0,0,0,0,0,0,0,0,0,0,0,0,0,0,0,0,0,0,0,0,0,0,0,0,0,0,0,0,0,0,0,0,0,0,0,0,0,0,0,0,0,0,0,0,0,0,0,0,0,0,0,0,0,0,0,
0,0,0,0,0,0,0,0,0,0,0,0,0,0,0,0,0,0,0,0,0,0,0,0,0,0,0,0,0,0,0,0,0,0,0,0,0,0,0,0,0,0,0,0,0,0,0,0,0,0,0,0,0,0,0,0,0,0,0,0,0,0,0,0,
0,0,0,0,0,0,0,0,0,0,0,0,0,0,0,0,0,0,0,0,0,0,0,0,0,0,0,0,0,0,0,0,0,0,0,0,0,0,0,0,0,0,0,0,0,0,0,0,0,0,0,0,0,0,0,0,0,0,0,0,0,0,0,0,
0,0,0,0,0,0,0,0,0,0,0,0,0,0,0,0,0,0,0,0,0,0,0,0,0,0,0,0,0,0,0,0,0,0,0,0,0,0,0,0,0,0,0,0,0,0,0,0,0,0,0,0,0,0,0,0,0,0,0,0,0,0,0,0,
0,0,0,0,0,0,0,0,0,0,0,0,0,0,0,0,0,0,0,0,0,0,0,0,0,0,0,0,0,0,0,0,0,0,0,0,0,0,0,0,0,0,0,0,0,0,0,0,0,0,0,0,0,0,0,0,0,0,0,0,0,0,0,0,
0,0,0,0,0,0,0,0,0,0,0,0,0,0,0,0,0,0,0,0,0,0,0,0,0,0,0,0,0,0,0,0,0,0,0,0,0,0,0,0,0,0,0,0,0,0,0,0,0,0,0,0,0,0,0,0,0,0,0,0,0,0,0,0,
0,0,0,0,0,0,0,0,0,0,0,0,0,0,0,0,0,0,0,0,0,0,0,0,0,0,0,0,0,0,0,0,0,0,0,0,0,0,0,0,0,0,0,0,0,0,0,0,0,0,0,0,0,0,0,0,0,0,0,0,0,0,0,0,
0,0,0,0,0,0,0,0,0,0,0,0,0,0,0,0,0,0,0,0,0,0,0,0,0,0,0,0,0,0,0,0,0,0,0,0,0,0,0,0,0,0,0,0,0,0,0,0,0,0,0,0,0,0,0,0,0,0,0,0,0,0,0,0,
0,0,0,0,0,0,0,0,0,0,0,0,0,0,0,0,0,0,0,0,0,0,0,0,0,0,0,0,0,0,0,0,0,0,0,0,0,0,0,0,0,0,0,0,0,0,0,0,0,0,0,0,0,0,0,0,0,0,0,0,0,0,0,0,
0,0,0,0,0,0,0,0,0,0,0,0,0,0,0,0,0,0,0,0,0,0,0,0,0,0,0,0,0,0,0,0,0,0,0,0,0,0,0,0,0,0,0,0,0,0,0,0,0,0,0,0,0,0,0,0,0,0,0,0,0,0,0,0,
0,0,0,0,0,0,0,0,0,0,0,0,0,0,0,0,0,0,0,0,0,0,0,0,0,0,0,0,0,0,0,0,0,0,0,0,0,0,0,0,0,0,0,0,0,0,0,0,0,0,0,0,0,0,0,0,0,0,0,0,0,0,0,0,
0,0,0,0,0,0,0,0,0,0,0,0,0,0,0,0,0,0,0,0,0,0,0,0,0,0,0,0,0,0,0,0,0,0,0,0,0,0,0,0,0,0,0,0,0,0,0,0,0,0,0,0,0,0,0,0,0,0,0,0,0,0,0,0,
0,0,0,0,0,0,0,0,0,0,0,0,0,0,0,0,0,0,0,0,0,0,0,0,0,0,0,0,0,0,0,0,0,0,0,0,0,0,0,0,0,0,0,0,0,0,0,0,0,0,0,0,0,0,0,0,0,0,0,0,0,0,0,0,
0,0,0,0,0,0,0,0,0,0,0,0,0,0,0,0,0,0,0,0,0,0,0,0,0,0,0,0,0,0,0,0,0,0,0,0,0,0,0,0,0,0,0,0,0,0,0,0,0,0,0,0,0,0,0,0,0,0,0,0,0,0,0,0,
0,0,0,0,0,0,0,0,0,0,0,0,0,0,0,0,0,0,0,0,0,0,0,0,0,0,0,0,0,0,0,0,0,0,0,0,0,0,0,0,0,0,0,0,0,0,0,0,0,0,0,0,0,0,0,0,0,0,0,0,0,0,0,0,
0,0,0,0,0,0,0,0,0,0,0,0,0,0,0,0,0,0,0,0,0,0,0,0,0,0,0,0,0,0,0,0,0,0,0,0,0,0,0,0,0,0,0,0,0,0,0,0,0,0,0,0,0,0,0,0,0,0,0,0,0,0,0,0,
0,0,0,0,0,0,0,0,0,0,0,0,0,0,0,0,0,0,0,0,0,0,0,0,0,0,0,0,0,0,0,0,0,0,0,0,0,0,0,0,0,0,0,0,0,0,0,0,0,0,0,0,0,0,0,0,0,0,0,0,0,0,0,0,
0,0,0,0,0,0,0,0,0,0,0,0,0,0,0,0,0,0,0,0,0,0,0,0,0,0,0,0,0,0,0,0,0,0,0,0,0,0,0,0,0,0,0,0,0,0,0,0,0,0,0,0,0,0,0,0,0,0,0,0,0,0,0,0,
0,0,0,0,0,0,0,0,0,0,0,0,0,0,0,0,0,0,0,0,0,0,0,0,0,0,0,0,0,0,0,0,0,0,0,0,0,0,0,0,0,0,0,0,0,0,0,0,0,0,0,0,0,0,0,0,0,0,0,0,0,0,0,0,
0,0,0,0,0,0,0,0,0,0,0,0,0,0,0,0,0,0,0,0,0,0,0,0,0,0,0,0,0,0,0,0,0,0,0,0,0,0,0,0,0,0,0,0,0,0,0,0,0,0,0,0,0,0,0,0,0,0,0,0,0,0,0,0,
0,0,0,0,0,0,0,0,0,0,0,0,0,0,0,0,0,0,0,0,0,0,0,0,0,0,0,0,0,0,0,0,0,0,0,0,0,0,0,0,0,0,0,0,0,0,0,0,0,0,0,0,0,0,0,0,0,0,0,0,0,0,0,0,
0,0,0,0,0,0,0,0,0,0,0,0,0,0,0,0,0,0,0,0,0,0,0,0,0,0,0,0,0,0,0,0,0,0,0,0,0,0,0,0,0,0,0,0,0,0,0,0,0,0,0,0,0,0,0,0,0,0,0,0,0,0,0,0,
0,0,0,0,0,0,0,0,0,0,0,0,0,0,0,0,0,0,0,0,0,0,0,0,0,0,0,0,0,0,0,0,0,0,0,0,0,0,0,0,0,0,0,0,0,0,0,0,0,0,0,0,0,0,0,0,0,0,0,0,0,0,0,0,
0,0,0,0,0,0,0,0,0,0,0,0,0,0,0,0,0,0,0,0,0,0,0,0,0,0,0,0,0,0,0,0,0,0,0,0,0,0,0,0,0,0,0,0,0,0,0,0,0,0,0,0,0,0,0,0,0,0,0,0,0,0,0,0,
0,0,0,0,0,0,0,0,0,0,0,0,0,0,0,0,0,0,0,0,0,0,0,0,0,0,0,0,0,0,0,0,0,0,0,0,0,0,0,0,0,0,0,0,0,0,0,0,0,0,0,0,0,0,0,0,0,0,0,0,0,0,0,0,
0,0,0,0,0,0,0,0,0,0,0,0,0,0,0,0,0,0,0,0,0,0,0,0,0,0,0,0,0,0,0,0,0,0,0,0,0,0,0,0,0,0,0,0,0,0,0,0,0,0,0,0,0,0,0,0,0,0,0,0,0,0,0,0,
0,0,0,0,0,0,0,0,0,0,0,0,0,0,0,0,0,0,0,0,0,0,0,0,0,0,0,0,0,0,0,0,0,0,0,0,0,0,0,0,0,0,0,0,0,0,0,0,0,0,0,0,0,0,0,0,0,0,0,0,0,0,0,0,
0,0,0,0,0,0,0,0,0,0,0,0,0,0,0,0,0,0,0,0,0,0,0,0,0,0,0,0,0,0,0,0,0,0,0,0,0,0,0,0,0,0,0,0,0,0,0,0,0,0,0,0,0,0,0,0,0,0,0,0,0,0,0,0,
0,0,0,0,0,0,0,0,0,0,0,0,0,0,0,0,0,0,0,0,0,0,0,0,0,0,0,0,0,0,0,0,0,0,0,0,0,0,0,0,0,0,0,0,0,0,0,0,0,0,0,0,0,0,0,0,0,0,0,0,0,0,0,0,
0,0,0,0,0,0,0,0,0,0,0,0,0,0,0,0,0,0,0,0,0,0,0,0,0,0,0,0,0,0,0,0,0,0,0,0,0,0,0,0,0,0,0,0,0,0,0,0,0,0,0,0,0,0,0,0,0,0,0,0,0,0,0,0,
0,0,0,0,0,0,0,0,0,0,0,0,0,0,0,0,0,0,0,0,0,0,0,0,0,0,0,0,0,0,0,0,0,0,0,0,0,0,0,0,0,0,0,0,0,0,0,0,0,0,0,0,0,0,0,0,0,0,0,0,0,0,0,0,
0,0,0,0,0,0,0,0,0,0,0,0,0,0,0,0,0,0,0,0,0,0,0,0,0,0,0,0,0,0,0,0,0,0,0,0,0,0,0,0,0,0,0,0,0,0,0,0,0,0,0,0,0,0,0,0,0,0,0,0,0,0,0,0,
0,0,0,0,0,0,0,0,0,0,0,0,0,0,0,0,0,0,0,0,0,0,0,0,0,0,0,0,0,0,0,0,0,0,0,0,0,0,0,0,0,0,0,0,0,0,0,0,0,0,0,0,0,0,0,0,0,0,0,0,0,0,0,0,
0,0,0,0,0,0,0,0,0,0,0,0,0,0,0,0,0,0,0,0,0,0,0,0,0,0,0,0,0,0,0,0,0,0,0,0,0,0,0,0,0,0,0,0,0,0,0,0,0,0,0,0,0,0,0,0,0,0,0,0,0,0,0,0,
0,0,0,0,0,0,0,0,0,0,0,0,0,0,0,0,0,0,0,0,0,0,0,0,0,0,0,0,0,0,0,0,0,0,0,0,0,0,0,0,0,0,0,0,0,0,0,0,0,0,0,0,0,0,0,0,0,0,0,0,0,0,0,0,
0,0,0,0,0,0,0,0,0,0,0,0,0,0,0,0,0,0,0,0,0,0,0,0,0,0,0,0,0,0,0,0,0,0,0,0,0,0,0,0,0,0,0,0,0,0,0,0,0,0,0,0,0,0,0,0,0,0,0,0,0,0,0,0,
0,0,0,0,0,0,0,0,0,0,0,0,0,0,0,0,0,0,0,0,0,0,0,0,0,0,0,0,0,0,0,0,0,0,0,0,0,0,0,0,0,0,0,0,0,0,0,0,0,0,0,0,0,0,0,0,0,0,0,0,0,0,0,0,
0,0,0,0,0,0,0,0,0,0,0,0,0,0,0,0,0,0,0,0,0,0,0,0,0,0,0,0,0,0,0,0,0,0,0,0,0,0,0,0,0,0,0,0,0,0,0,0,0,0,0,0,0,0,0,0,0,0,0,0,0,0,0,0,
0,0,0,0,0,0,0,0,0,0,0,0,0,0,0,0,0,0,0,0,0,0,0,0,0,0,0,0,0,0,0,0,0,0,0,0,0,0,0,0,0,0,0,0,0,0,0,0,0,0,0,0,0,0,0,0,0,0,0,0,0,0,0,0,
0,0,0,0,0,0,0,0,0,0,0,0,0,0,0,0,0,0,0,0,0,0,0,0,0,0,0,0,0,0,0,0,0,0,0,0,0,0,0,0,0,0,0,0,0,0,0,0,0,0,0,0,0,0,0,0,0,0,0,0,0,0,0,0,
0,0,0,0,0,0,0,0,0,0,0,0,0,0,0,0,0,0,0,0,0,0,0,0,0,0,0,0,0,0,0,0,0,0,0,0,0,0,0,0,0,0,0,0,0,0,0,0,0,0,0,0,0,0,0,0,0,0,0,0,0,0,0,0,
0,0,0,0,0,0,0,0,0,0,0,0,0,0,0,0,0,0,0,0,0,0,0,0,0,0,0,0,0,0,0,0,0,0,0,0,0,0,0,0,0,0,0,0,0,0,0,0,0,0,0,0,0,0,0,0,0,0,0,0,0,0,0,0,
0,0,0,0,0,0,0,0,0,0,0,0,0,0,0,0,0,0,0,0,0,0,0,0,0,0,0,0,0,0,0,0,0,0,0,0,0,0,0,0,0,0,0,0,0,0,0,0,0,0,0,0,0,0,0,0,0,0,0,0,0,0,0,0,
0,0,0,0,0,0,0,0,0,0,0,0,0,0,0,0,0,0,0,0,0,0,0,0,0,0,0,0,0,0,0,0,0,0,0,0,0,0,0,0,0,0,0,0,0,0,0,0,0,0,0,0,0,0,0,0,0,0,0,0,0,0,0,0,
0,0,0,0,0,0,0,0,0,0,0,0,0,0,0,0,0,0,0,0,0,0,0,0,0,0,0,0,0,0,0,0,0,0,0,0,0,0,0,0,0,0,0,0,0,0,0,0,0,0,0,0,0,0,0,0,0,0,0,0,0,0,0,0,
0,0,0,0,0,0,0,0,0,0,0,0,0,0,0,0,0,0,0,0,0,0,0,0,0,0,0,0,0,0,0,0,0,0,0,0,0,0,0,0,0,0,0,0,0,0,0,0,0,0,0,0,0,0,0,0,0,0,0,0,0,0,0,0,
0,0,0,0,0,0,0,0,0,0,0,0,0,0,0,0,0,0,0,0,0,0,0,0,0,0,0,0,0,0,0,0,0,0,0,0,0,0,0,0,0,0,0,0,0,0,0,0,0,0,0,0,0,0,0,0,0,0,0,0,0,0,0,0,
0,0,0,0,0,0,0,0,0,0,0,0,0,0,0,0,0,0,0,0,0,0,0,0,0,0,0,0,0,0,0,0,0,0,0,0,0,0,0,0,0,0,0,0,0,0,0,0,0,0,0,0,0,0,0,0,0,0,0,0,0,0,0,0,
0,0,0,0,0,0,0,0,0,0,0,0,0,0,0,0,0,0,0,0,0,0,0,0,0,0,0,0,0,0,0,0,0,0,0,0,0,0,0,0,0,0,0,0,0,0,0,0,0,0,0,0,0,0,0,0,0,0,0,0,0,0,0,0,
0,0,0,0,0,0,0,0,0,0,0,0,0,0,0,0,0,0,0,0,0,0,0,0,0,0,0,0,0,0,0,0,0,0,0,0,0,0,0,0,0,0,0,0,0,0,0,0,0,0,0,0,0,0,0,0,0,0,0,0,0,0,0,0,
0,0,0,0,0,0,0,0,0,0,0,0,0,0,0,0,0,0,0,0,0,0,0,0,0,0,0,0,0,0,0,0,0,0,0,0,0,0,0,0,0,0,0,0,0,0,0,0,0,0,0,0,0,0,0,0,0,0,0,0,0,0,0,0,
}
resources{
crystals:
0,0,0,0,0,0,0,0,0,0,0,0,0,0,0,0,0,0,0,0,0,0,0,0,0,0,0,0,0,0,0,0,0,0,0,0,0,0,0,0,0,0,0,0,0,0,0,0,0,0,0,0,0,0,0,0,0,0,0,0,0,0,0,
0,0,0,0,0,0,0,0,0,0,0,0,0,0,0,0,0,0,0,0,0,0,0,0,0,0,0,0,0,0,0,0,0,0,0,0,0,0,0,0,0,0,0,0,0,0,0,0,0,0,0,0,0,0,0,0,0,0,0,0,0,0,0,
0,0,0,0,0,0,0,0,0,0,0,0,0,0,0,0,0,0,0,0,0,0,0,0,0,0,0,0,0,0,0,0,0,0,0,0,0,0,0,0,0,0,0,0,0,0,0,0,0,0,0,0,0,0,0,0,0,0,0,0,0,0,0,
0,0,0,0,0,0,0,0,0,0,0,0,0,0,0,0,0,0,0,0,0,0,0,0,0,0,0,0,0,0,0,0,0,0,0,0,0,0,0,0,0,0,0,0,0,0,0,0,0,0,0,0,0,1,0,0,0,0,0,0,0,0,0,
0,0,0,0,0,1,1,2,0,0,0,0,0,0,0,0,0,0,0,0,0,0,0,0,0,0,0,0,0,0,0,0,0,0,0,0,0,0,0,1,0,0,0,0,0,0,0,0,0,0,1,1,0,0,1,0,0,0,0,0,0,0,0,
0,0,0,0,0,0,0,1,0,0,0,1,0,0,1,0,0,0,0,0,0,0,0,0,0,0,0,0,1,0,0,0,0,0,0,0,0,1,2,0,0,0,0,0,0,0,0,0,0,0,2,0,0,0,0,0,0,0,0,0,0,0,0,
0,0,0,1,0,0,0,0,2,0,0,0,0,0,0,1,0,1,0,0,0,0,0,0,0,0,0,1,0,0,0,0,0,0,0,0,0,0,0,0,0,1,0,0,0,0,0,0,1,0,0,0,0,0,0,0,0,1,0,0,0,0,0,
0,0,1,0,0,0,0,0,1,1,1,0,1,0,0,0,0,0,0,0,0,0,1,0,0,0,2,0,0,0,0,1,0,0,0,0,0,1,0,0,0,0,0,0,0,0,0,0,1,0,0,0,0,0,0,0,0,1,0,0,0,0,0,
0,0,0,0,0,0,0,0,0,0,0,0,1,0,0,0,0,0,0,0,0,1,0,0,0,0,1,0,0,0,0,1,0,0,0,0,0,0,0,1,0,0,0,0,0,1,1,1,0,0,0,0,0,0,0,0,0,0,0,0,0,0,0,
0,0,1,0,0,0,0,0,1,0,0,0,0,0,0,0,0,0,0,0,0,0,1,0,0,0,0,1,0,0,0,0,1,0,0,0,0,1,1,1,0,0,0,0,0,2,0,0,0,0,0,0,0,0,0,0,0,0,0,0,0,0,0,
0,0,1,1,0,0,0,0,1,0,0,0,0,0,0,0,1,0,0,0,0,0,0,0,0,0,0,0,0,0,0,0,0,0,0,0,0,0,0,0,0,0,0,0,0,0,0,0,0,0,0,0,1,0,0,0,0,0,0,0,0,0,0,
0,0,0,0,0,1,0,0,0,0,0,0,1,0,1,0,0,0,0,0,1,0,1,0,0,0,0,0,0,0,1,2,0,0,0,0,0,0,0,0,0,0,0,0,1,0,0,0,0,0,0,1,0,0,0,0,0,0,0,0,0,0,0,
0,0,0,0,1,0,0,0,0,0,0,0,0,0,0,0,0,3,0,0,0,0,0,0,0,0,0,0,0,0,0,0,0,0,0,0,0,0,0,0,0,0,2,0,1,0,0,0,0,0,0,0,0,0,0,0,0,0,0,0,0,0,0,
0,0,0,0,2,0,0,0,0,0,0,0,0,0,0,0,0,0,0,0,0,0,0,0,0,0,0,0,0,0,0,0,0,0,0,0,0,0,0,0,0,0,0,1,0,0,0,0,0,0,1,0,1,0,0,0,0,0,0,0,1,0,0,
0,0,0,0,0,0,0,0,0,0,0,0,0,0,0,0,0,1,0,0,0,0,0,0,0,0,0,0,0,0,0,0,0,0,0,0,0,0,0,0,0,0,0,0,0,0,0,0,0,0,0,1,0,0,0,0,0,0,0,0,0,0,0,
0,0,0,0,0,0,0,0,0,0,0,0,0,0,0,0,0,0,0,0,0,0,0,0,0,0,0,0,0,0,0,0,0,0,0,0,0,0,0,0,0,0,0,0,0,0,0,0,0,0,0,1,0,0,0,0,0,0,0,0,0,0,0,
0,0,0,0,0,0,0,0,0,0,0,0,0,0,0,0,0,0,0,0,0,0,0,0,0,0,0,0,0,0,0,0,0,0,0,0,0,0,0,0,0,0,0,0,1,0,0,0,0,0,0,0,0,0,0,0,0,0,1,0,0,0,0,
0,0,0,0,0,0,0,0,0,0,0,0,0,0,0,0,0,0,0,0,0,0,0,0,0,0,0,0,0,0,0,0,0,0,0,0,0,0,0,0,0,0,0,0,0,0,0,0,0,0,0,0,0,0,0,0,0,0,0,0,0,0,0,
0,0,0,0,0,0,0,0,0,0,0,0,0,0,0,0,0,0,0,0,0,0,0,0,0,0,0,0,0,0,0,0,0,0,0,0,0,0,0,0,0,0,0,0,0,0,0,0,0,0,0,0,0,0,0,0,1,0,0,0,0,0,0,
0,0,0,0,0,0,0,0,0,0,0,0,0,0,0,0,0,0,0,0,0,0,2,0,0,0,1,0,0,0,0,0,0,0,0,0,0,0,0,0,0,0,0,0,0,1,0,0,0,0,0,0,0,0,0,0,0,0,0,0,0,0,0,
0,0,0,0,0,0,0,1,0,0,0,0,0,0,0,0,0,0,0,0,0,1,0,0,0,0,0,0,0,0,0,0,0,0,0,0,0,0,0,0,0,0,0,0,0,0,1,0,0,0,0,0,0,0,0,0,0,0,0,0,0,0,0,
0,0,0,0,0,0,0,0,0,0,0,0,0,0,0,0,0,0,0,0,1,0,0,0,0,0,0,1,1,0,0,0,0,0,0,0,0,0,0,0,0,0,0,0,0,0,0,0,0,0,0,1,1,0,0,0,0,0,0,0,0,0,0,
0,0,0,0,0,1,0,0,0,0,0,0,0,0,0,0,0,0,0,0,0,0,0,0,0,0,0,0,0,0,0,0,0,0,0,0,0,0,0,0,0,0,0,0,0,0,0,0,0,0,0,0,0,0,0,0,0,0,0,0,0,0,0,
0,0,0,0,0,0,0,0,0,0,0,0,0,0,0,0,0,0,0,0,0,0,0,0,0,0,0,0,0,0,0,0,0,0,0,0,0,0,0,0,0,0,0,0,0,0,0,0,0,0,0,1,0,0,0,0,0,0,0,0,0,0,0,
0,0,0,0,0,0,0,0,1,0,1,0,0,0,0,0,0,0,0,0,0,0,0,0,0,0,0,0,0,0,0,0,1,0,0,0,0,0,0,0,0,0,0,0,0,0,0,0,0,0,1,1,0,0,0,0,0,0,0,0,0,0,0,
0,0,0,0,0,1,0,0,0,0,0,0,0,0,0,0,0,0,0,0,0,0,0,0,0,0,0,0,0,0,0,0,1,0,0,0,0,0,0,0,0,0,0,0,0,0,0,0,0,0,0,1,0,0,1,0,1,0,0,0,0,0,0,
0,0,0,0,0,0,0,0,0,0,0,0,0,0,0,0,0,0,0,0,0,0,0,0,0,0,0,0,0,0,0,0,0,0,0,0,0,0,1,0,0,1,0,0,0,0,0,0,0,0,1,0,0,0,0,0,0,0,0,0,0,0,0,
0,0,0,0,0,0,0,0,0,0,0,0,0,0,0,0,0,0,0,0,0,0,0,0,0,0,0,0,0,0,0,2,0,0,0,0,0,1,0,0,0,0,0,0,0,0,0,0,1,0,0,0,0,0,0,1,0,0,0,0,0,0,0,
0,0,0,0,0,0,1,0,2,0,0,1,0,0,0,0,0,0,0,0,0,0,0,0,0,0,0,0,0,0,0,0,0,0,0,0,1,0,0,0,0,0,0,0,0,0,0,0,0,0,0,0,0,0,0,0,0,0,0,0,1,0,0,
0,0,0,0,0,0,0,0,1,0,0,0,0,0,0,0,0,0,0,0,0,0,0,0,0,0,0,0,0,0,0,0,0,0,0,1,0,0,0,0,0,0,0,0,0,0,0,0,0,0,0,0,0,0,1,0,0,0,1,0,1,0,0,
0,0,0,0,0,0,0,0,0,0,0,0,0,0,0,0,0,0,0,0,0,0,0,0,0,0,0,0,0,0,0,0,0,0,0,0,0,0,0,0,0,0,0,0,0,0,0,1,0,0,0,0,0,0,0,0,0,0,0,0,0,0,0,
0,0,0,0,0,0,0,0,0,0,0,0,0,0,0,0,0,0,0,0,0,0,0,0,0,0,0,0,0,0,0,0,0,0,0,2,0,0,1,0,0,0,0,0,0,0,0,0,2,0,0,0,0,1,0,0,0,0,0,0,0,0,0,
0,0,0,0,0,0,0,0,0,0,0,0,0,0,0,1,0,0,0,0,0,0,0,0,0,0,0,0,0,0,0,0,0,0,0,0,0,0,0,0,0,0,0,0,0,0,0,0,0,0,0,0,0,0,0,0,0,0,0,0,0,0,0,
0,0,0,0,0,0,0,0,0,0,0,0,0,0,0,0,0,0,0,0,0,0,0,0,0,0,0,0,0,0,0,0,0,0,0,0,0,0,0,0,0,0,0,0,0,0,0,0,0,1,0,0,0,0,0,0,0,0,0,0,0,0,0,
0,0,0,0,0,0,0,0,0,0,0,0,0,0,0,0,0,0,0,0,0,0,0,0,0,0,0,0,0,0,0,0,0,0,1,0,0,0,0,0,0,0,0,0,0,0,0,0,0,0,0,0,0,0,0,0,0,0,0,1,0,0,0,
0,0,0,0,0,0,0,0,0,0,0,0,0,0,0,0,0,2,0,0,0,0,0,0,0,0,0,0,0,0,0,0,0,0,0,0,0,0,0,0,0,0,0,1,1,0,0,0,0,0,0,0,0,0,0,0,0,1,0,0,1,0,0,
0,0,0,0,0,0,0,0,0,0,0,0,0,0,0,0,1,0,0,0,0,0,0,0,0,0,0,0,1,0,0,0,0,0,0,0,0,0,0,0,0,0,0,0,0,0,0,0,0,0,0,0,0,0,0,0,3,0,0,0,0,0,0,
0,0,0,0,0,0,0,0,0,2,0,0,0,0,0,0,1,0,1,0,0,0,0,0,0,0,0,0,0,0,0,1,0,0,0,0,0,0,0,0,0,0,0,0,0,2,0,0,0,0,0,1,0,0,0,0,0,0,0,0,0,2,0,
0,0,0,0,0,0,0,0,0,0,0,1,0,0,0,0,0,0,0,0,0,0,0,0,0,0,0,0,0,0,0,0,0,0,0,0,0,0,0,0,0,0,0,0,0,0,0,0,0,0,0,0,0,0,0,0,0,0,0,0,0,0,0,
0,0,0,0,0,0,0,0,0,0,0,0,0,0,0,0,0,0,0,0,1,0,0,0,0,0,0,0,0,0,0,0,0,0,0,0,0,0,0,0,0,0,0,0,0,0,0,0,0,0,0,0,0,0,0,0,0,0,0,0,0,0,0,
0,0,0,0,0,0,0,0,0,0,0,0,0,0,0,0,0,0,0,0,0,0,0,0,0,0,0,0,0,0,0,0,0,0,0,0,0,0,0,0,0,0,0,0,0,0,0,0,0,0,0,0,0,1,0,0,0,0,1,1,0,0,0,
0,0,0,0,0,0,0,0,0,0,0,0,0,0,0,0,0,0,0,0,0,0,0,0,0,0,0,0,0,0,0,0,0,0,0,0,0,0,0,1,0,0,0,0,0,0,0,0,0,0,0,0,0,0,0,1,0,0,0,0,0,0,0,
0,0,0,0,0,0,0,0,0,0,0,2,0,0,0,0,0,1,0,0,0,0,0,0,0,0,0,0,0,0,0,0,0,0,0,0,0,1,0,0,0,0,0,0,0,0,0,0,0,0,0,0,0,0,0,0,0,0,0,1,0,0,0,
0,0,0,0,0,0,0,0,0,0,0,0,0,0,0,0,0,0,0,0,0,0,0,0,0,0,0,0,0,0,0,0,1,0,0,0,0,0,0,0,0,0,0,0,0,0,0,0,0,0,0,0,0,0,0,0,0,1,0,0,0,0,0,
0,0,0,0,0,0,0,0,0,0,0,0,0,0,0,0,0,0,0,0,0,0,0,0,0,0,0,0,0,0,0,0,0,0,0,0,0,0,0,1,0,0,0,0,0,0,0,0,0,0,0,0,0,0,0,1,0,0,0,0,0,1,0,
0,0,0,0,0,0,0,0,0,0,0,0,0,0,0,0,1,0,0,0,0,0,0,0,0,0,0,0,0,0,0,0,0,0,0,0,0,0,0,0,0,0,0,0,0,0,0,0,0,0,0,0,0,0,0,1,0,0,0,0,0,0,0,
0,0,0,0,1,0,0,1,0,0,0,0,0,0,0,0,0,0,0,0,0,0,0,0,0,0,0,0,0,0,0,0,0,0,0,0,0,0,0,1,0,1,0,0,0,0,0,0,0,1,0,0,0,0,0,0,0,0,0,0,0,1,0,
0,0,0,0,0,0,0,0,0,0,0,0,0,0,0,0,0,0,0,0,0,0,0,0,1,0,0,0,0,0,0,0,0,0,0,0,0,0,0,0,1,0,0,0,0,0,0,1,0,0,0,0,0,0,0,0,0,0,0,0,0,0,0,
0,0,0,0,0,0,0,0,0,0,0,0,0,0,0,0,0,0,0,0,1,0,0,0,0,0,0,0,0,0,0,0,0,0,0,0,0,0,0,0,0,0,0,0,0,0,1,0,0,0,0,0,0,0,0,0,0,0,0,0,1,0,0,
0,0,0,0,0,0,0,0,0,0,0,0,0,0,0,0,0,0,0,0,0,0,1,0,1,0,0,0,0,0,0,0,0,1,0,0,0,0,0,0,0,0,0,0,0,2,0,0,0,0,0,0,0,0,0,0,0,0,0,0,0,0,0,
0,0,0,0,0,0,0,0,0,0,0,0,0,0,0,0,0,0,0,0,0,0,0,0,0,0,0,0,0,0,0,0,1,0,0,0,0,0,0,0,0,0,0,0,0,0,0,0,0,0,0,0,0,0,0,0,0,0,0,0,0,0,0,
0,0,0,0,0,0,0,0,0,0,0,0,0,0,1,0,0,0,0,0,0,0,0,0,0,0,0,0,0,0,0,0,0,0,0,0,0,0,0,0,0,0,0,0,0,0,0,0,0,0,0,0,0,0,0,0,0,0,0,0,0,0,0,
0,0,0,0,0,0,0,0,0,0,0,0,0,0,0,0,0,0,0,0,0,0,0,0,0,0,0,0,0,0,0,0,0,0,0,0,0,0,0,0,0,0,0,0,0,0,0,0,0,0,0,0,0,0,0,0,0,0,0,0,0,0,0,
0,0,0,0,0,0,0,0,0,0,0,1,0,0,0,0,0,0,0,0,0,0,0,0,0,0,0,0,0,0,0,0,0,0,0,0,0,0,0,1,0,0,0,0,0,0,0,0,0,0,0,0,0,0,0,0,0,0,0,0,0,0,0,
0,0,0,0,0,0,0,0,0,1,0,0,0,0,0,0,0,0,0,0,0,0,1,0,0,0,0,0,0,0,0,0,0,0,0,0,0,0,0,0,0,0,1,0,0,0,0,0,0,0,0,0,0,0,0,0,0,0,0,0,0,0,0,
0,0,0,0,0,0,0,0,0,0,0,0,1,0,0,0,0,0,0,0,0,0,0,0,0,0,0,1,0,0,0,0,0,0,0,0,0,0,0,0,0,0,0,0,0,0,0,0,0,0,0,0,1,0,0,0,0,0,0,0,0,0,0,
0,0,0,0,0,0,0,0,0,0,0,0,0,0,0,0,0,0,0,0,0,1,0,0,0,0,0,0,1,0,0,0,0,0,0,0,0,0,0,0,0,0,0,0,0,0,0,0,0,0,0,0,0,0,0,0,0,0,0,0,0,0,0,
0,0,0,0,0,0,0,0,0,0,0,0,0,0,0,0,0,0,0,0,0,0,0,0,0,0,0,0,0,0,0,0,0,0,0,0,0,0,0,0,0,0,1,0,0,0,0,0,0,0,0,1,0,0,0,0,0,0,1,0,0,0,0,
0,0,0,0,0,0,0,0,0,0,0,0,0,0,0,0,0,0,0,0,0,0,0,0,0,0,0,0,0,0,0,0,0,0,0,0,0,0,0,0,0,0,0,0,0,0,0,0,0,0,0,0,0,0,0,0,0,0,0,0,0,0,0,
0,0,0,0,0,0,0,0,0,0,0,0,0,0,0,0,0,0,0,0,0,0,0,0,0,0,0,0,0,0,0,0,0,0,0,0,0,0,0,0,0,0,0,0,0,0,0,0,0,0,0,0,0,0,0,0,0,0,0,0,0,0,0,
0,0,0,0,0,0,0,0,0,0,0,0,0,0,0,0,0,0,0,0,0,0,0,0,0,0,0,0,0,0,0,0,0,0,0,0,0,0,0,0,0,0,0,0,0,0,0,0,0,0,0,0,0,1,0,0,0,0,0,0,0,0,0,
0,0,0,0,0,0,0,0,0,0,0,0,0,0,0,0,0,0,0,0,0,0,0,0,0,0,0,0,0,0,0,0,0,0,0,0,0,0,0,0,0,0,0,0,0,0,0,0,0,0,0,0,0,0,0,0,0,0,0,0,0,0,0,
0,0,0,0,0,0,0,0,0,0,0,0,0,0,0,0,0,0,0,0,0,0,0,0,0,0,0,0,0,0,0,0,0,0,0,0,0,0,0,0,0,0,0,0,0,0,0,0,0,0,0,0,0,0,0,0,0,0,0,0,0,0,0,
ore:
0,0,0,0,0,0,0,0,0,0,0,0,0,0,0,0,0,0,0,0,0,0,0,0,0,0,0,0,0,0,0,0,0,0,0,0,0,0,0,0,0,0,0,0,0,0,0,0,0,0,0,0,0,0,0,0,0,0,0,0,0,0,0,
0,0,0,0,0,0,0,0,0,0,0,0,0,0,0,0,0,0,0,0,0,0,0,0,0,0,0,0,0,0,0,0,0,0,0,0,0,0,0,0,0,0,0,0,0,0,0,0,0,0,0,0,0,0,0,0,0,0,0,0,0,0,0,
0,0,0,0,0,0,0,0,0,0,0,0,0,0,0,0,0,0,0,0,0,0,0,0,0,0,0,0,0,0,0,0,0,0,0,0,0,0,0,0,0,0,0,0,0,0,0,0,0,0,0,0,0,0,0,0,0,0,0,0,0,0,0,
0,0,0,0,0,0,0,0,0,0,0,0,0,0,1,0,0,0,0,1,0,0,0,0,0,0,0,0,0,0,0,0,0,0,0,0,0,0,0,0,0,0,0,0,0,0,0,0,0,0,0,1,0,1,0,0,0,0,0,0,0,0,0,
0,0,0,0,1,1,1,0,0,0,0,2,0,0,0,0,1,0,0,1,2,0,0,0,0,0,0,0,0,0,0,0,0,0,0,0,0,0,0,1,1,0,0,0,0,0,0,0,0,0,2,1,0,0,2,0,0,0,0,0,0,0,0,
0,0,0,0,0,0,0,2,1,0,0,0,1,0,2,0,1,2,0,0,0,0,0,0,0,0,0,0,0,1,0,0,0,0,0,0,0,1,1,0,0,0,0,0,0,0,0,0,0,1,0,0,0,0,0,0,0,0,0,0,0,0,0,
0,0,0,2,0,0,0,0,1,0,0,0,0,0,1,0,0,0,1,1,1,0,0,0,0,0,0,0,0,0,0,0,0,0,0,0,0,0,0,0,0,0,0,0,0,0,0,1,0,0,0,0,0,0,0,0,0,1,0,0,0,0,0,
0,0,0,0,0,0,0,0,1,1,0,0,0,0,0,0,0,0,0,0,1,0,0,1,0,0,2,0,0,0,0,1,0,0,0,0,0,0,0,0,0,0,0,0,0,0,0,0,0,0,0,0,0,0,0,0,0,0,2,0,0,0,0,
0,0,0,0,0,0,0,1,0,0,1,0,1,0,0,0,0,0,0,0,0,1,0,0,2,0,1,2,0,0,0,0,0,0,0,0,0,0,0,1,1,0,0,0,0,0,0,1,0,0,0,0,0,0,0,0,0,0,2,1,0,0,0,
0,0,0,0,0,0,0,1,1,0,1,0,0,0,0,0,0,0,0,0,0,0,0,1,0,0,0,0,0,0,0,0,0,0,0,0,0,1,2,1,0,0,0,0,0,1,0,0,0,0,0,0,0,0,0,0,0,0,0,2,0,0,0,
0,0,0,0,0,0,1,1,1,0,0,0,1,2,1,0,0,0,0,0,1,0,0,0,0,0,0,0,0,0,0,0,1,0,0,0,0,0,2,0,0,0,0,0,0,0,0,0,0,0,0,0,1,0,0,0,0,0,0,1,0,0,0,
0,0,0,1,0,0,0,0,0,0,0,0,0,0,1,1,1,1,0,0,0,0,0,0,0,0,0,0,0,0,3,0,0,0,0,0,0,0,0,0,0,0,0,3,1,0,0,0,0,0,1,0,0,0,0,0,0,0,0,0,1,0,0,
0,0,0,0,0,2,0,0,0,0,1,0,1,0,0,0,0,0,0,0,2,0,0,0,0,0,0,0,0,0,0,0,0,0,0,0,0,0,0,0,0,0,1,1,2,0,0,0,0,0,1,1,0,0,0,0,0,0,0,1,1,0,0,
0,0,0,0,0,0,0,0,0,0,0,0,0,1,1,0,1,0,0,0,0,0,0,0,0,0,0,0,0,0,0,0,0,0,0,0,0,0,0,0,0,0,0,1,1,0,0,0,0,0,0,2,1,1,0,0,0,0,0,0,0,0,0,
0,0,0,0,0,0,0,0,0,0,0,0,0,0,1,0,0,0,0,0,0,0,0,0,0,0,0,0,0,0,0,0,0,0,0,0,0,0,0,0,0,0,0,0,0,0,0,0,0,0,0,2,0,0,0,0,0,0,0,0,0,0,0,
0,0,0,0,0,0,0,0,0,0,0,0,0,0,0,0,0,0,0,0,0,0,0,0,0,0,0,0,0,0,0,0,0,0,0,0,0,0,0,0,0,0,0,1,1,0,0,0,0,0,0,0,0,0,0,0,0,0,2,0,0,0,0,
0,0,0,0,0,0,0,0,0,0,0,0,0,0,0,0,0,0,0,0,0,0,0,0,0,0,0,0,0,0,0,0,0,0,0,0,0,0,0,0,0,0,0,1,1,0,0,0,0,0,0,0,0,0,0,0,0,1,0,0,0,0,0,
0,0,0,0,0,0,0,0,0,0,0,0,0,0,0,0,0,0,0,0,0,0,0,0,0,0,0,0,0,0,0,0,0,0,0,0,0,0,0,0,0,0,0,1,0,0,0,0,0,0,0,0,0,0,0,1,1,0,0,0,0,0,0,
0,0,0,0,0,0,0,0,0,0,0,0,0,0,0,0,0,0,0,0,0,0,0,0,0,0,0,0,0,0,0,0,0,0,0,0,0,0,0,0,0,0,0,0,2,0,0,0,0,0,0,0,0,0,0,2,0,0,0,0,0,0,0,
0,0,0,0,0,0,0,0,0,0,0,1,0,0,0,0,0,0,0,0,0,0,0,0,0,0,2,0,0,0,0,0,0,0,0,0,0,0,0,0,0,0,0,0,0,0,0,0,0,0,0,0,0,0,0,0,0,0,0,0,0,0,0,
0,0,0,0,0,0,1,1,1,1,2,1,0,0,0,0,0,0,0,0,0,0,1,0,0,0,0,1,1,1,0,0,0,0,0,0,0,0,0,0,0,0,0,0,0,0,0,0,0,0,0,0,1,0,2,0,0,0,0,0,0,0,0,
0,0,0,0,0,2,1,0,0,1,0,0,1,0,0,0,0,0,0,0,0,1,0,0,0,0,0,1,0,0,0,0,0,0,0,0,0,0,0,0,0,0,0,0,0,3,0,0,0,0,0,1,1,0,0,0,0,0,0,0,0,0,0,
0,0,0,0,0,1,0,0,0,0,0,0,0,1,0,0,0,0,0,1,0,0,0,0,0,0,0,0,0,0,0,0,0,0,0,0,0,0,0,0,0,0,0,0,0,0,0,0,0,0,0,1,0,0,0,0,0,0,0,0,0,0,0,
0,0,0,1,1,1,0,0,0,2,2,0,0,0,0,0,0,0,0,0,2,0,0,0,0,0,0,0,0,0,2,0,0,0,0,0,0,0,0,0,0,0,0,0,0,0,0,0,0,0,0,0,0,0,0,0,0,0,0,0,0,0,0,
0,0,0,0,0,0,0,0,1,1,1,0,0,0,0,0,0,0,0,0,1,0,0,0,0,0,0,0,0,0,1,0,0,0,0,0,0,0,0,0,0,1,0,0,0,0,0,0,0,1,0,0,0,0,0,0,0,0,0,0,0,0,0,
0,0,0,0,1,1,0,0,0,0,0,0,0,0,0,0,0,0,0,0,0,0,0,0,0,0,0,0,0,0,0,1,0,0,0,0,0,0,0,0,1,0,0,0,0,0,0,0,0,0,0,0,2,0,0,0,1,0,0,0,0,0,0,
0,0,0,0,0,1,2,0,0,0,0,0,0,0,0,0,0,0,0,0,0,0,0,0,0,0,0,0,0,0,0,0,0,0,0,0,0,0,1,1,2,0,1,0,0,0,0,0,0,0,0,0,0,0,0,0,0,0,0,0,0,0,0,
0,0,0,0,0,1,0,0,0,0,0,0,0,0,0,0,0,0,0,0,0,0,0,0,0,0,0,0,0,0,0,0,0,0,0,0,0,1,3,0,1,0,0,0,0,0,0,0,0,0,0,0,0,0,0,0,0,0,0,0,0,0,0,
0,0,0,0,0,0,1,0,0,0,2,0,0,0,0,0,0,0,0,0,0,0,0,1,0,0,0,0,0,0,0,0,0,0,0,0,0,1,0,0,0,1,0,0,0,0,0,0,0,0,0,0,0,0,0,0,0,0,0,1,0,0,0,
0,0,0,0,0,0,0,0,1,0,2,0,0,0,0,0,0,0,0,0,0,0,0,0,0,0,0,0,0,0,0,0,0,0,2,0,1,1,0,0,0,0,0,0,0,0,0,0,0,0,0,0,0,0,0,0,0,0,0,0,0,0,0,
0,0,0,0,0,0,0,0,0,0,0,0,0,0,0,0,0,0,0,0,0,0,0,0,0,1,0,0,0,0,0,0,0,0,3,1,0,0,0,0,1,0,0,0,0,0,0,0,0,0,0,0,0,0,0,0,0,0,0,0,0,0,0,
0,0,0,0,0,0,0,0,0,0,0,0,0,0,1,0,0,0,0,0,0,0,0,0,0,0,0,0,0,0,0,0,0,0,0,0,0,0,2,2,0,0,0,0,0,0,0,0,0,1,0,0,0,1,0,0,0,0,0,0,0,0,0,
0,0,0,0,0,0,0,0,0,0,0,0,0,0,1,2,0,0,0,0,0,0,0,0,0,0,0,0,0,0,0,0,0,0,0,0,0,0,0,0,0,0,0,0,0,0,0,0,0,0,1,0,0,0,0,0,0,0,0,0,0,0,0,
0,0,0,0,0,0,0,0,0,0,0,0,0,0,1,0,0,0,0,0,0,0,0,0,0,0,0,0,0,0,0,0,0,1,0,0,0,0,0,0,0,0,0,0,0,0,0,0,0,0,0,0,0,0,0,0,0,0,0,0,0,0,0,
0,0,0,0,0,0,0,0,0,0,0,0,0,0,0,1,1,0,0,0,0,0,0,0,0,0,0,0,0,0,0,0,0,0,1,0,0,0,0,0,0,0,0,0,0,0,0,0,0,0,0,0,0,0,0,0,0,0,0,1,0,0,0,
0,0,0,0,0,0,0,0,0,0,0,0,0,0,0,0,1,0,0,0,0,0,0,0,0,0,0,1,1,0,0,0,0,0,0,0,0,0,0,0,0,0,0,0,1,0,0,1,1,0,0,0,0,0,0,0,0,0,0,0,0,0,0,
0,0,0,0,0,0,1,0,1,0,0,0,0,0,0,0,0,0,1,0,0,0,0,0,0,0,0,0,1,0,0,1,0,0,0,0,0,0,0,0,0,0,0,0,0,0,2,1,0,2,0,0,0,0,0,0,0,0,0,0,0,2,0,
0,0,0,0,0,0,0,0,0,3,0,0,0,0,0,0,1,0,0,1,0,0,0,0,0,0,0,0,0,1,0,1,0,0,0,0,0,0,0,0,0,0,1,1,0,0,0,0,0,2,0,0,0,0,0,0,0,0,0,0,0,0,0,
0,0,0,0,0,0,0,0,0,0,0,0,0,0,0,0,0,0,0,0,1,0,0,0,0,0,0,0,0,0,2,0,0,0,0,0,0,0,0,0,0,0,0,0,0,0,0,0,0,1,1,0,1,0,0,0,2,0,0,0,0,1,0,
0,0,0,0,0,0,0,0,0,0,0,3,0,0,0,0,0,0,0,0,2,0,0,0,0,0,0,0,0,0,0,0,0,0,0,0,0,0,0,0,0,1,0,0,0,0,0,0,0,2,1,0,0,0,0,0,0,0,0,0,0,0,0,
0,0,0,0,0,0,0,0,0,0,0,3,0,0,0,0,0,0,0,0,0,0,0,0,0,0,0,0,0,0,0,0,0,0,0,0,0,0,0,0,0,1,0,0,0,0,0,0,0,0,0,0,0,0,0,0,0,0,1,1,0,0,0,
0,0,0,0,0,0,1,2,0,0,0,0,0,0,0,0,0,0,3,0,0,0,0,0,0,0,0,0,0,0,0,0,0,0,0,0,0,0,0,0,0,1,0,0,0,0,0,0,0,0,0,0,0,0,1,1,0,0,0,0,0,0,0,
0,2,1,0,0,0,1,2,0,0,0,1,0,0,0,0,0,0,1,0,0,0,0,0,0,0,0,0,0,0,0,0,0,0,0,0,0,0,2,1,0,0,0,0,0,0,0,0,0,0,0,0,0,0,0,0,0,0,0,1,0,0,0,
0,2,1,0,0,0,0,0,0,0,0,0,0,0,0,0,0,1,0,0,0,0,0,0,0,0,0,0,0,1,0,0,0,0,0,0,0,0,1,0,0,0,0,0,0,0,0,0,0,0,0,0,0,0,1,1,0,1,0,0,0,0,0,
0,0,0,0,0,0,0,0,0,0,2,0,0,0,0,0,0,0,0,0,0,0,0,0,0,0,1,0,0,1,0,0,2,0,0,0,0,1,0,0,1,0,1,0,0,0,0,0,0,0,0,0,0,0,1,0,3,0,0,0,0,2,0,
0,0,0,1,0,0,0,0,0,0,0,0,0,0,0,0,0,1,0,0,0,0,0,0,0,0,0,1,0,2,1,0,1,0,1,0,0,0,0,0,0,0,0,0,0,0,0,0,0,0,1,1,1,1,0,0,0,0,0,0,0,1,0,
0,0,0,0,1,0,0,2,0,0,0,0,0,0,0,0,0,0,1,0,0,0,0,0,0,0,1,0,0,0,1,1,2,0,0,0,0,2,0,0,2,1,1,0,0,1,0,0,0,0,0,0,0,0,0,0,1,0,0,0,0,2,0,
0,0,0,0,0,1,0,0,0,0,0,0,0,0,0,0,0,0,0,1,0,0,0,0,0,0,0,0,0,0,0,0,0,0,1,0,0,0,0,0,0,1,1,1,2,0,2,0,1,1,0,0,0,0,0,0,2,0,0,0,0,0,0,
0,0,0,0,0,0,0,0,0,0,0,0,0,0,0,0,0,0,0,1,1,0,0,0,0,1,0,0,0,1,0,0,1,1,1,0,0,0,0,0,1,0,1,1,0,0,0,0,1,1,1,0,0,0,0,0,2,0,0,0,1,0,0,
0,0,0,0,0,0,0,0,0,0,0,0,0,0,0,0,0,0,0,0,0,0,2,0,0,0,0,0,1,0,0,1,1,1,0,0,0,0,0,0,0,1,0,0,0,0,0,0,1,1,0,0,0,0,0,0,0,0,0,0,0,0,0,
0,0,0,0,0,0,0,0,0,0,0,0,0,0,0,1,1,1,0,0,0,0,1,0,0,0,0,0,0,0,0,1,1,0,0,0,0,0,0,0,0,0,0,0,0,0,0,0,1,0,0,0,0,0,0,0,0,0,0,0,0,0,0,
0,0,0,0,0,0,0,0,0,0,0,0,0,0,1,0,0,0,0,0,0,0,0,0,0,0,0,0,0,0,2,1,0,0,0,0,0,0,0,0,0,0,0,0,0,0,0,0,0,0,0,0,0,0,0,0,0,0,0,0,0,0,0,
0,0,0,0,0,0,0,0,0,0,0,0,0,2,0,0,0,0,0,0,0,0,0,0,0,0,0,0,0,0,0,0,0,0,0,0,0,0,2,0,0,0,0,0,0,0,0,0,0,0,0,0,0,0,0,0,0,0,0,0,0,0,0,
0,0,0,0,0,0,0,0,0,0,3,0,0,0,0,0,1,0,0,0,0,0,0,0,0,2,0,0,0,0,0,0,0,0,0,0,0,1,0,1,0,0,0,0,0,0,0,0,0,0,0,0,0,0,0,0,0,0,0,0,0,0,0,
0,0,0,0,0,0,0,0,0,0,0,0,3,0,0,0,0,2,2,0,0,0,2,2,2,0,0,0,0,0,0,0,0,0,0,0,0,0,0,0,0,0,0,1,0,0,0,0,0,0,0,0,0,0,0,0,0,0,0,0,0,0,0,
0,0,0,0,0,0,0,0,0,1,0,1,1,0,0,0,0,0,1,0,0,1,0,0,0,0,0,3,0,0,0,0,0,0,0,0,1,0,0,0,0,0,0,0,0,0,0,0,0,0,0,0,1,0,0,0,0,0,0,0,0,0,0,
0,0,0,0,0,0,0,0,0,0,0,0,0,0,0,0,0,0,0,0,0,2,0,0,0,0,0,0,2,0,0,0,0,0,0,0,0,1,0,0,0,0,0,2,0,0,0,0,0,0,0,1,0,0,0,0,0,3,0,0,0,0,0,
0,0,0,0,0,0,0,0,0,0,0,0,1,0,1,0,0,0,0,0,0,0,0,0,0,0,0,0,1,0,0,0,0,0,0,0,0,0,2,0,0,0,2,0,0,0,0,0,0,0,0,1,0,0,0,0,0,0,3,0,0,0,0,
0,0,0,0,0,0,0,0,0,0,0,0,0,0,0,0,0,0,0,0,0,0,1,0,0,0,0,0,0,0,0,0,0,0,0,0,0,0,0,0,0,0,0,0,0,0,0,0,0,0,0,0,1,0,0,0,0,0,1,0,0,0,0,
0,0,0,0,0,0,0,0,0,0,0,0,0,0,0,0,0,0,0,0,0,0,0,0,0,0,0,0,0,0,0,0,0,0,0,0,0,0,0,0,0,0,0,0,0,0,0,0,0,0,0,0,1,0,0,0,3,0,0,0,0,0,0,
0,0,0,0,0,0,0,0,0,0,0,0,0,0,0,0,0,0,0,0,0,0,0,1,2,0,0,0,0,0,0,0,0,0,0,0,0,0,0,0,0,0,0,0,0,0,0,0,0,0,0,0,0,2,0,0,0,0,0,0,0,0,0,
0,0,0,0,0,0,0,0,0,0,0,0,0,0,0,0,0,0,0,0,0,0,0,0,0,0,0,0,0,0,0,0,0,0,0,0,0,0,0,0,0,0,0,0,0,0,0,0,0,0,0,0,0,0,0,0,0,0,0,0,0,0,0,
0,0,0,0,0,0,0,0,0,0,0,0,0,0,0,0,0,0,0,0,0,0,0,0,0,0,0,0,0,0,0,0,0,0,0,0,0,0,0,0,0,0,0,0,0,0,0,0,0,0,0,0,0,0,0,0,0,0,0,0,0,0,0,
}
objectives{
resources: 50,0,0
}
buildings{
BuildingToolStore_C,Translation: X=4050.000 Y=16650.000 Z=0.000 Rotation: P=0.000000 Y=0.000000 R=0.000000 Scale X=1.000 Y=1.000 Z=1.000,Teleport=True
}
landslidefrequency{
377.5:23,28/23,27/31,27/34,30/34,31/33,33/33,34/32,35/31,36/29,37/18,36/16,34/15,33/15,32/20,22/21,21/22,20/23,20/24,20/25,20/26,20/27,21/29,22/30,23/30,24/31,24/32,27/33,28/35,30/35,31/36,32/35,32/34,33/33,35/32,36/31,37/27,36/20,38/18,37/17,36/16,37/16,35/14,33/14,31/16,29/19,22/20,21/22,19/23,19/24,19/26,19/28,20/29,20/29,21/30,22/31,23/32,25/32,26/
298.5:49,31/53,27/54,27/55,27/56,26/59,26/54,30/52,31/50,31/49,32/50,26/51,26/52,26/55,30/54,25/54,26/55,26/56,25/57,25/58,24/60,27/54,31/53,32/52,32/51,33/50,32/49,33/47,30/47,28/48,27/49,26/51,24/51,25/
253.8:7,8/8,8/9,8/10,8/11,8/12,8/13,8/7,6/7,9/6,10/8,9/7,10/9,7/10,7/11,7/13,7/17,6/12,9/10,9/3,8/7,5/9,5/9,6/10,6/11,6/13,6/14,5/14,6/16,6/18,5/18,6/16,10/14,10/13,10/11,10/10,10/8,10/6,11/5,11/3,9/3,7/6,4/7,4/8,5/10,5/11,5/12,5/13,5/14,4/15,5/16,5/17,4/18,4/19,5/19,6/18,10/17,11/16,11/15,11/14,11/13,11/10,11/5,12/4,11/3,10/2,9/
221.3:51,14/50,15/50,13/52,10/58,15/45,19/45,18/44,17/43,12/44,11/46,9/47,8/49,6/50,5/54,4/58,9/58,10/60,13/58,16/57,17/54,19/51,23/50,24/48,23/46,22/43,16/44,10/45,9/45,8/47,7/47,6/53,1/54,3/48,6/
200.8:8,6/8,7/4,5/5,4/3,12/2,10/2,8/2,7/2,6/3,5/4,4/5,3/6,3/4,12/
136.1:53,54/57,56/58,57/58,58/57,59/57,57/
120.8:58,29/58,31/59,32/59,33/59,27/59,28/60,29/59,29/59,30/60,31/60,32/60,33/60,34/60,35/58,33/58,32/57,31/57,30/57,29/57,28/60,28/58,40/57,35/56,30/56,29/56,28/57,26/59,25/60,26/
110.0:31,9/32,9/32,10/37,9/37,8/39,8/31,7/30,11/33,9/34,9/35,8/39,9/37,10/36,10/34,11/33,11/32,11/32,8/27,9/30,6/31,6/34,8/35,7/36,7/41,7/40,9/38,10/34,12/33,13/33,12/32,12/29,12/28,11/
102.9:44,55/45,55/46,55/47,55/47,56/48,56/50,56/51,56/43,54/45,54/46,54/47,54/48,55/49,54/50,55/51,55/52,55/55,59/41,57/43,56/44,56/43,57/45,56/46,56/45,57/47,57/46,57/47,58/46,58/49,58/51,57/50,58/51,58/52,59/51,59/
95.5:11,40/7,40/11,39/12,39/13,39/14,39/15,40/17,41/18,41/19,42/7,42/6,42/12,41/13,41/12,42/14,42/13,42/14,43/16,43/15,43/17,43/16,44/15,44/17,44/6,40/10,38/12,38/13,38/14,38/15,39/16,39/17,40/19,41/20,41/17,45/16,45/14,44/13,44/12,43/11,42/10,43/8,45/
94.9:31,8/27,8/26,7/27,6/29,5/
77.8:32,48/34,49/35,50/35,51/37,51/37,52/38,53/32,46/34,48/37,50/38,51/39,52/40,53/37,53/36,52/35,52/33,50/32,49/31,45/32,45/34,47/35,48/36,49/42,54/40,57/39,57/32,50/31,49/
68.4:27,35/20,40/20,39/20,37/28,35/27,37/27,38/27,43/23,48/18,46/18,42/28,37/27,44/27,45/25,47/24,48/22,50/20,49/18,47/17,42/18,40/28,21/31,26/29,36/29,38/28,44/
65.6:27,54/26,53/27,52/27,51/28,50/29,49/29,48/31,46/30,51/29,53/28,54/27,55/24,54/26,52/26,51/30,46/33,48/29,54/28,55/28,56/26,58/
63.3:17,54/18,54/19,54/20,54/21,54/16,54/17,53/18,53/19,53/20,53/21,53/22,54/23,54/21,56/20,55/19,55/18,55/17,56/16,56/
50.0:59,42/60,39/60,40/57,43/58,42/58,41/61,37/61,45/57,39/
50.0:9,24/8,24/25,30/8,25/11,21/12,22/13,22/18,23/19,24/20,24/11,28/9,20/10,20/11,20/19,23/20,23/16,30/15,30/10,29/8,28/7,27/
38.5:43,29/44,29/47,29/45,28/46,28/41,30/40,31/44,31/48,30/47,31/
33.3:27,10/19,7/20,8/22,9/25,10/26,9/27,11/25,12/23,11/21,11/20,10/19,10/
29.2:25,46/24,47/25,48/29,44/29,43/30,44/27,50/
28.9:50,12/42,7/41,9/42,10/43,10/40,4/46,8/52,12/51,15/44,13/43,13/
21.9:37,6/
19.0:22,58/
15.6:25,29/34,29/35,29/36,29/37,29/
15.0:52,43/56,44/54,59/52,58/40,30/41,31/43,35/43,36/44,36/45,38/
}
lavaspread{
30.0/10.0:30,9/31,9/32,9/32,10/33,10/34,10/35,10/35,9/36,9/37,9/37,8/38,8/39,8/28,9/30,7/31,7/31,8/30,8/30,10/29,11/28,10/31,10/30,11/33,9/34,9/35,8/36,8/37,7/38,7/40,7/40,8/39,9/38,9/37,10/36,10/35,11/34,11/33,11/32,11/32,8/27,9/28,8/30,6/31,6/32,7/33,8/34,8/35,7/36,7/37,6/38,6/39,5/40,6/41,7/41,8/40,9/39,10/38,10/37,11/36,11/35,12/34,12/33,13/33,12/32,12/31,11/30,12/29,12/28,11/27,10/31,47/32,47/32,48/33,48/33,49/34,49/34,50/35,50/35,51/36,51/37,51/37,52/38,52/38,53/39,53/39,54/40,54/30,47/31,46/32,46/33,47/34,48/35,49/36,50/37,50/38,51/39,52/40,53/41,54/40,56/39,56/38,54/37,53/36,52/35,52/34,51/33,50/32,49/31,48/29,47/30,46/31,45/32,45/33,46/34,47/35,48/36,49/41,53/42,54/42,55/41,56/40,57/39,57/38,56/37,54/33,51/32,50/31,49/30,48/43,55/44,55/45,55/46,55/47,55/47,56/48,56/49,56/50,56/51,56/52,56/52,57/43,54/44,54/45,54/46,54/47,54/48,55/49,54/49,55/50,55/51,55/52,55/56,58/56,59/55,59/55,58/42,56/41,57/43,56/42,57/44,56/43,57/45,56/44,57/46,56/45,57/47,57/46,57/48,57/47,58/46,58/49,57/48,58/50,57/49,58/51,57/50,58/52,58/51,58/52,59/51,59/53,59/25,45/25,46/26,46/27,46/28,46/29,46/26,45/27,45/28,45/29,45/30,49/24,46/23,47/25,47/24,47/26,47/25,48/24,48/27,47/26,48/28,47/27,48/29,48/28,48/26,44/27,44/28,44/29,44/30,45/31,50/30,50/29,49/28,49/27,49/26,49/25,49/24,49/23,48/22,48/19,45/27,43/28,42/29,43/30,44/31,44/32,51/31,51/30,51/29,50/28,50/27,50/23,49/22,49/21,48/20,47/19,46/9,24/10,24/22,28/23,28/23,29/8,24/9,23/10,23/22,27/23,27/25,29/26,29/26,30/25,30/23,30/22,30/22,29/7,24/23,26/25,28/26,28/27,30/8,25/26,31/25,31/24,31/23,31/22,31/9,21/11,21/12,22/13,22/18,23/19,24/20,24/24,26/25,27/26,27/24,32/23,32/22,32/21,31/17,30/16,29/11,28/10,28/7,25/8,21/9,20/10,20/11,20/12,21/13,21/19,23/20,23/24,25/25,26/26,26/23,33/22,33/21,32/16,30/15,30/10,29/9,28/8,28/7,27/40,29/41,29/42,29/43,29/44,29/45,29/46,29/47,29/48,29/49,29/38,29/40,28/41,28/42,28/43,28/44,28/45,28/46,28/47,28/48,28/49,28/52,30/51,31/50,31/50,30/51,30/39,30/40,30/39,31/38,30/41,30/40,31/42,30/41,31/43,30/42,31/44,30/43,31/45,30/44,31/46,30/45,31/47,30/46,31/48,30/47,31/49,30/48,31/34,46/35,46/36,46/36,45/37,45/38,45/39,45/39,44/40,44/41,44/42,44/43,44/43,43/44,43/45,43/46,43/46,42/47,42/33,45/34,45/35,45/36,44/37,44/38,44/39,43/40,43/41,43/42,43/43,42/44,42/45,42/46,41/47,41/48,42/48,43/47,43/46,44/45,45/45,44/35,47/37,46/36,47/38,46/37,47/36,48/40,45/39,46/41,45/40,46/39,47/42,45/41,46/44,44/43,45/42,46/33,44/34,44/35,44/36,43/37,42/38,43/39,42/40,42/41,42/42,42/43,41/44,41/45,41/46,40/47,39/47,40/48,41/49,41/49,42/49,43/48,44/47,44/46,45/45,46/44,45/43,46/42,47/41,47/40,47/39,48/38,48/38,47/37,43/37,48/32,43/33,43/38,42/32,44/39,41/40,41/41,41/42,41/43,40/44,40/45,40/46,39/47,38/48,39/48,40/49,40/50,41/50,42/51,43/50,43/49,44/48,45/47,45/46,46/45,47/44,46/43,47/42,48/41,48/40,48/27,35/19,44/19,43/19,42/20,41/20,40/20,39/20,38/20,37/20,36/25,25/28,34/28,35/27,36/27,37/27,38/27,39/28,40/27,41/27,42/21,49/20,48/19,47/18,46/18,45/18,44/18,43/18,42/19,41/19,40/19,38/19,37/19,36/19,35/28,23/29,24/29,25/30,26/30,27/29,35/28,36/28,37/22,50/21,50/20,49/19,48/18,47/17,46/17,45/17,44/17,43/16,42/17,42/17,41/18,41/18,40/18,37/18,36/18,35/27,22/28,21/28,22/29,23/30,24/30,25/31,26/31,27/30,35/29,36/29,37/29,38/29,39/41,32/41,33/42,33/42,34/43,34/43,35/43,36/44,36/44,37/45,37/45,38/45,39/31,28/31,29/33,30/33,31/33,32/32,33/32,34/31,35/17,34/17,33/16,33/16,32/16,31/21,22/22,21/23,21/24,21/25,21/26,21/32,29/32,28/33,29/34,30/34,31/34,32/33,33/33,34/32,35/31,36/30,37/30,36/17,35/16,34/15,33/15,32/15,31/20,22/21,21/22,20/23,20/24,20/25,20/26,20/27,21/29,22/30,23/31,24/31,25/32,27/33,28/34,29/35,29/35,30/35,31/36,32/35,32/34,33/34,34/33,35/32,36/31,37/31,38/30,38/17,36/16,37/16,36/16,35/15,34/14,33/14,32/14,31/19,22/20,21/21,20/22,19/23,19/24,19/25,19/26,19/27,20/28,20/29,20/29,21/30,22/31,23/32,24/32,25/32,26/42,40/43,39/44,39/51,42/50,44/49,45/47,46/41,40/42,39/43,38/44,38/46,38/47,37/48,38/49,39/50,40/51,41/52,42/52,43/51,44/50,45/49,46/48,46/47,47/46,47/40,40/41,39/42,38/43,37/46,37/47,36/48,37/49,38/50,39/51,40/52,41/53,42/53,43/52,44/51,45/50,46/49,47/48,47/47,48/46,48/44,47/43,48/39,40/39,39/40,39/41,38/42,37/45,36/46,35/46,36/48,36/49,37/50,38/51,39/52,40/53,41/54,42/54,43/54,44/53,44/52,45/51,46/50,47/49,48/48,48/47,35/47,49/46,49/45,48/44,48/43,49/38,40/38,39/39,38/40,37/41,37/42,36/44,35/45,35/46,34/47,33/47,34/48,35/49,36/50,37/51,37/52,38/52,39/53,40/54,41/55,41/55,42/55,43/56,44/55,44/54,45/53,45/52,46/51,47/51,48/50,48/49,49/48,49/48,50/47,50/46,50/45,49/44,49/40,38/51,38/42,49/41,49/43,50/57,44/57,45/56,45/55,45/31,43/30,43/31,42/32,42/53,55/56,57/57,58/53,54/57,56/58,57/58,58/57,59/54,59/53,60/57,57/22,56/22,55/23,55/24,55/25,54/25,55/23,57/24,57/23,58/22,57/25,57/24,58/27,56/26,57/25,58/24,59/23,59/26,55/21,56/21,55/22,54/23,54/24,54/25,53/26,54/27,55/28,56/28,57/27,57/26,58/25,59/24,60/23,60/22,59/22,58/21,57/16,44/16,43/16,45/6,40/6,41/6,42/7,40/7,41/7,42/2,40/3,39/4,38/5,37/6,36/7,36/8,35/8,36/9,37/10,38/11,38/11,39/11,40/12,41/11,42/10,43/10,44/9,45/8,45/7,46/6,47/5,47/4,46/3,45/2,44/1,43/1,42/2,42/2,43/1,41/58,43/59,43/57,46/57,43/58,42/59,42/60,43/61,44/61,45/61,46/60,48/56,48/56,47/56,46/38,28/39,27/40,26/41,26/41,27/38,31/37,30/36,29/36,28/37,27/38,26/39,26/40,27/37,29/37,28/38,27/40,25/41,24/41,25/42,26/42,27/40,5/41,6/37,5/38,5/39,4/40,4/41,5/
}
creatures{
}
miners{
}
briefing{
I hope you're prepared for this one, Cadet.

We have discovered large deposits of Energy Crystals in this cavern, but this is no walk in the park. This cavern is inhabited by nests of lava monsters.

Defend the Rock Radier HQ and search the cavern. We need fifty Energy Crystals.
}
briefingsuccess{
You're very good at this, Cadet! In the face of danger, you managed to collect all fifty Energy Crystals.

Mission Complete!
}
briefingfailure{
Oh, dear. You couldn't collect all fifty Energy Crystals. You must succeed, Cadet!

Mission Failed
}
vehicles{
}
blocks{
}
script{
# ==============================
# Adjurator (Mission Objectives)
# ==============================

# ========================================================================
# #21 Lava Island ContiguousFloodedCavePlanner R8 24EC 3xLAVA_MONSTER/227s
# ========================================================================
# Spawn monsters
int monsterSpawner_p21_state=0
if(change:27,25)[monsterSpawner_p21_onActive]
monsterSpawner_p21_onActive::;
monsterSpawner_p21_state=3;

when(enter:29,36)[monsterSpawner_p21_spawn]
when(enter:38,27)[monsterSpawner_p21_spawn]
when(enter:38,26)[monsterSpawner_p21_spawn]
when(enter:39,25)[monsterSpawner_p21_spawn]
when(enter:40,24)[monsterSpawner_p21_spawn]
when(enter:41,23)[monsterSpawner_p21_spawn]
when(enter:41,22)[monsterSpawner_p21_spawn]
when(enter:41,21)[monsterSpawner_p21_spawn]
when(enter:40,20)[monsterSpawner_p21_spawn]
when(enter:28,14)[monsterSpawner_p21_spawn]
when(enter:27,14)[monsterSpawner_p21_spawn]
when(enter:26,15)[monsterSpawner_p21_spawn]
when(enter:25,16)[monsterSpawner_p21_spawn]
when(enter:24,17)[monsterSpawner_p21_spawn]
monsterSpawner_p21_spawn::;
((monsterSpawner_p21_state<3))return;
monsterSpawner_p21_state=2;
wait:random(0.67)(5.00);
emerge:29,24,A,CreatureLavaMonster_C,8;
wait:random(0.67)(5.00);
emerge:29,24,A,CreatureLavaMonster_C,8;
wait:random(0.67)(5.00);
emerge:29,24,A,CreatureLavaMonster_C,8;
wait:random(145.66)(307.74);
((monsterSpawner_p21_state>=2))[monsterSpawner_p21_state=3][monsterSpawner_p21_state=0];

# ======================================================================
# #22 Lava Lake ContiguousFloodedCavePlanner R2 12EC 3xLAVA_MONSTER/141s
# ======================================================================
# Spawn monsters
int monsterSpawner_p22_state=0
if(change:7,29)[monsterSpawner_p22_onActive]
monsterSpawner_p22_onActive::;
monsterSpawner_p22_state=3;

when(enter:7,32)[monsterSpawner_p22_spawn]
when(enter:8,32)[monsterSpawner_p22_spawn]
when(enter:9,33)[monsterSpawner_p22_spawn]
when(enter:10,33)[monsterSpawner_p22_spawn]
when(enter:11,32)[monsterSpawner_p22_spawn]
when(enter:12,30)[monsterSpawner_p22_spawn]
when(enter:11,27)[monsterSpawner_p22_spawn]
when(enter:10,26)[monsterSpawner_p22_spawn]
when(enter:9,26)[monsterSpawner_p22_spawn]
when(enter:6,31)[monsterSpawner_p22_spawn]
monsterSpawner_p22_spawn::;
((monsterSpawner_p22_state<3))return;
monsterSpawner_p22_state=2;
wait:random(0.67)(5.00);
emerge:9,29,A,CreatureLavaMonster_C,2;
wait:random(0.67)(5.00);
emerge:9,29,A,CreatureLavaMonster_C,2;
wait:random(0.67)(5.00);
emerge:9,29,A,CreatureLavaMonster_C,2;
wait:random(117.46)(165.34);
((monsterSpawner_p22_state>=2))[monsterSpawner_p22_state=3][monsterSpawner_p22_state=0];

# =====================================================
# #23 Open EmptyCavePlanner R5 18EC 5xLAVA_MONSTER/221s
# =====================================================
# Spawn monsters
int monsterSpawner_p23_state=0
if(change:8,15)[monsterSpawner_p23_onActive]
monsterSpawner_p23_onActive::;
monsterSpawner_p23_state=3;

when(enter:7,8)[monsterSpawner_p23_spawn]
when(enter:6,9)[monsterSpawner_p23_spawn]
when(enter:5,8)[monsterSpawner_p23_spawn]
when(enter:10,25)[monsterSpawner_p23_spawn]
when(enter:11,24)[monsterSpawner_p23_spawn]
when(enter:10,8)[monsterSpawner_p23_spawn]
when(enter:9,8)[monsterSpawner_p23_spawn]
when(enter:8,8)[monsterSpawner_p23_spawn]
when(enter:6,7)[monsterSpawner_p23_spawn]
monsterSpawner_p23_spawn::;
((monsterSpawner_p23_state<3))return;
monsterSpawner_p23_state=2;
wait:random(0.40)(3.00);
emerge:8,17,A,CreatureLavaMonster_C,5;
wait:random(0.40)(3.00);
emerge:8,17,A,CreatureLavaMonster_C,5;
wait:random(0.40)(3.00);
emerge:8,17,A,CreatureLavaMonster_C,5;
wait:random(0.40)(3.00);
emerge:8,17,A,CreatureLavaMonster_C,5;
wait:random(0.40)(3.00);
emerge:8,17,A,CreatureLavaMonster_C,5;
wait:random(139.18)(302.32);
((monsterSpawner_p23_state>=2))[monsterSpawner_p23_state=3][monsterSpawner_p23_state=0];

# ======================================================
# #24 Empty EmptyCavePlanner R8 19EC 3xLAVA_MONSTER/291s
# ======================================================
# Spawn monsters
int monsterSpawner_p24_state=0
if(change:42,45)[monsterSpawner_p24_onActive]
monsterSpawner_p24_onActive::;
monsterSpawner_p24_state=3;

when(enter:34,42)[monsterSpawner_p24_spawn]
when(enter:31,47)[monsterSpawner_p24_spawn]
when(enter:32,48)[monsterSpawner_p24_spawn]
when(enter:33,49)[monsterSpawner_p24_spawn]
when(enter:43,57)[monsterSpawner_p24_spawn]
when(enter:44,58)[monsterSpawner_p24_spawn]
when(enter:45,58)[monsterSpawner_p24_spawn]
when(enter:46,57)[monsterSpawner_p24_spawn]
when(enter:46,56)[monsterSpawner_p24_spawn]
when(enter:48,38)[monsterSpawner_p24_spawn]
when(enter:48,37)[monsterSpawner_p24_spawn]
when(enter:47,36)[monsterSpawner_p24_spawn]
when(enter:46,35)[monsterSpawner_p24_spawn]
when(enter:45,35)[monsterSpawner_p24_spawn]
when(enter:44,36)[monsterSpawner_p24_spawn]
monsterSpawner_p24_spawn::;
((monsterSpawner_p24_state<3))return;
monsterSpawner_p24_state=2;
wait:random(0.67)(5.00);
emerge:42,47,A,CreatureLavaMonster_C,8;
wait:random(0.67)(5.00);
emerge:42,47,A,CreatureLavaMonster_C,8;
wait:random(0.67)(5.00);
emerge:42,47,A,CreatureLavaMonster_C,8;
wait:random(132.39)(450.13);
((monsterSpawner_p24_state>=2))[monsterSpawner_p24_state=3][monsterSpawner_p24_state=0];

# ====================================================
# #26 Open EmptyCavePlanner R3 3EC 2xLAVA_MONSTER/254s
# ====================================================
# Spawn monsters
int monsterSpawner_p26_state=0
if(change:47,31)[monsterSpawner_p26_onActive]
monsterSpawner_p26_onActive::;
monsterSpawner_p26_state=3;

when(enter:45,35)[monsterSpawner_p26_spawn]
when(enter:46,35)[monsterSpawner_p26_spawn]
when(enter:47,35)[monsterSpawner_p26_spawn]
when(enter:48,35)[monsterSpawner_p26_spawn]
when(enter:49,34)[monsterSpawner_p26_spawn]
when(enter:50,33)[monsterSpawner_p26_spawn]
when(enter:51,32)[monsterSpawner_p26_spawn]
when(enter:52,30)[monsterSpawner_p26_spawn]
when(enter:51,29)[monsterSpawner_p26_spawn]
when(enter:50,28)[monsterSpawner_p26_spawn]
when(enter:49,27)[monsterSpawner_p26_spawn]
when(enter:48,27)[monsterSpawner_p26_spawn]
when(enter:47,27)[monsterSpawner_p26_spawn]
when(enter:46,27)[monsterSpawner_p26_spawn]
when(enter:45,26)[monsterSpawner_p26_spawn]
when(enter:44,27)[monsterSpawner_p26_spawn]
when(enter:44,35)[monsterSpawner_p26_spawn]
monsterSpawner_p26_spawn::;
((monsterSpawner_p26_state<3))return;
monsterSpawner_p26_state=2;
wait:random(1.00)(7.50);
emerge:47,31,A,CreatureLavaMonster_C,3;
wait:random(1.00)(7.50);
emerge:47,31,A,CreatureLavaMonster_C,3;
wait:random(181.63)(326.85);
((monsterSpawner_p26_state>=2))[monsterSpawner_p26_state=3][monsterSpawner_p26_state=0];

# ======================================================================
# #27 Lava Lake ContiguousFloodedCavePlanner R3 21EC 5xLAVA_MONSTER/208s
# ======================================================================
# Spawn monsters
int monsterSpawner_p27_state=0
if(change:6,5)[monsterSpawner_p27_onActive]
monsterSpawner_p27_onActive::;
monsterSpawner_p27_state=3;

when(enter:6,10)[monsterSpawner_p27_spawn]
when(enter:7,11)[monsterSpawner_p27_spawn]
when(enter:8,10)[monsterSpawner_p27_spawn]
when(enter:8,9)[monsterSpawner_p27_spawn]
when(enter:9,9)[monsterSpawner_p27_spawn]
when(enter:10,9)[monsterSpawner_p27_spawn]
when(enter:5,9)[monsterSpawner_p27_spawn]
monsterSpawner_p27_spawn::;
((monsterSpawner_p27_state<3))return;
monsterSpawner_p27_state=2;
wait:random(0.40)(3.00);
emerge:8,5,A,CreatureLavaMonster_C,3;
wait:random(0.40)(3.00);
emerge:8,5,A,CreatureLavaMonster_C,3;
wait:random(0.40)(3.00);
emerge:8,5,A,CreatureLavaMonster_C,3;
wait:random(0.40)(3.00);
emerge:8,5,A,CreatureLavaMonster_C,3;
wait:random(0.40)(3.00);
emerge:8,5,A,CreatureLavaMonster_C,3;
wait:random(140.00)(275.23);
((monsterSpawner_p27_state>=2))[monsterSpawner_p27_state=3][monsterSpawner_p27_state=0];

# =====================================================================
# #28 Lava Lake ContiguousFloodedCavePlanner R2 4EC 4xLAVA_MONSTER/314s
# =====================================================================
# Spawn monsters
int monsterSpawner_p28_state=0
if(change:56,53)[monsterSpawner_p28_onActive]
monsterSpawner_p28_onActive::;
monsterSpawner_p28_state=3;

when(enter:56,50)[monsterSpawner_p28_spawn]
when(enter:55,51)[monsterSpawner_p28_spawn]
when(enter:53,55)[monsterSpawner_p28_spawn]
when(enter:54,56)[monsterSpawner_p28_spawn]
when(enter:59,51)[monsterSpawner_p28_spawn]
when(enter:58,51)[monsterSpawner_p28_spawn]
when(enter:57,50)[monsterSpawner_p28_spawn]
monsterSpawner_p28_spawn::;
((monsterSpawner_p28_state<3))return;
monsterSpawner_p28_state=2;
wait:random(0.50)(3.75);
emerge:57,54,A,CreatureLavaMonster_C,2;
wait:random(0.50)(3.75);
emerge:57,54,A,CreatureLavaMonster_C,2;
wait:random(0.50)(3.75);
emerge:57,54,A,CreatureLavaMonster_C,2;
wait:random(0.50)(3.75);
emerge:57,54,A,CreatureLavaMonster_C,2;
wait:random(164.31)(463.97);
((monsterSpawner_p28_state>=2))[monsterSpawner_p28_state=3][monsterSpawner_p28_state=0];

# =====================================================================
# #29 Lava Lake ContiguousFloodedCavePlanner R2 3EC 2xLAVA_MONSTER/204s
# =====================================================================
# Spawn monsters
int monsterSpawner_p29_state=0
if(change:55,38)[monsterSpawner_p29_onActive]
monsterSpawner_p29_onActive::;
monsterSpawner_p29_state=3;

when(enter:52,37)[monsterSpawner_p29_spawn]
when(enter:51,38)[monsterSpawner_p29_spawn]
when(enter:54,44)[monsterSpawner_p29_spawn]
when(enter:55,44)[monsterSpawner_p29_spawn]
when(enter:56,44)[monsterSpawner_p29_spawn]
when(enter:57,43)[monsterSpawner_p29_spawn]
monsterSpawner_p29_spawn::;
((monsterSpawner_p29_state<3))return;
monsterSpawner_p29_state=2;
wait:random(1.00)(7.50);
emerge:55,40,A,CreatureLavaMonster_C,2;
wait:random(1.00)(7.50);
emerge:55,40,A,CreatureLavaMonster_C,2;
wait:random(125.20)(282.96);
((monsterSpawner_p29_state>=2))[monsterSpawner_p29_state=3][monsterSpawner_p29_state=0];

# =====================================================================
# #30 Lava Lake ContiguousFloodedCavePlanner R2 4EC 2xLAVA_MONSTER/311s
# =====================================================================
# Spawn monsters
int monsterSpawner_p30_state=0
if(change:56,23)[monsterSpawner_p30_onActive]
monsterSpawner_p30_onActive::;
monsterSpawner_p30_state=3;

when(enter:55,20)[monsterSpawner_p30_spawn]
when(enter:54,21)[monsterSpawner_p30_spawn]
when(enter:53,26)[monsterSpawner_p30_spawn]
when(enter:54,27)[monsterSpawner_p30_spawn]
when(enter:55,28)[monsterSpawner_p30_spawn]
monsterSpawner_p30_spawn::;
((monsterSpawner_p30_state<3))return;
monsterSpawner_p30_state=2;
wait:random(1.00)(7.50);
emerge:56,25,A,CreatureLavaMonster_C,2;
wait:random(1.00)(7.50);
emerge:56,25,A,CreatureLavaMonster_C,2;
wait:random(178.76)(443.01);
((monsterSpawner_p30_state>=2))[monsterSpawner_p30_state=3][monsterSpawner_p30_state=0];

# =====================================================================
# #31 Lava Lake ContiguousFloodedCavePlanner R5 6EC 3xLAVA_MONSTER/299s
# =====================================================================
# Spawn monsters
int monsterSpawner_p31_state=0
if(change:44,21)[monsterSpawner_p31_onActive]
monsterSpawner_p31_onActive::;
monsterSpawner_p31_state=3;

when(enter:44,15)[monsterSpawner_p31_spawn]
when(enter:43,15)[monsterSpawner_p31_spawn]
when(enter:42,16)[monsterSpawner_p31_spawn]
when(enter:41,16)[monsterSpawner_p31_spawn]
when(enter:40,17)[monsterSpawner_p31_spawn]
when(enter:40,18)[monsterSpawner_p31_spawn]
when(enter:39,20)[monsterSpawner_p31_spawn]
when(enter:38,21)[monsterSpawner_p31_spawn]
when(enter:38,22)[monsterSpawner_p31_spawn]
when(enter:39,23)[monsterSpawner_p31_spawn]
when(enter:40,24)[monsterSpawner_p31_spawn]
when(enter:41,25)[monsterSpawner_p31_spawn]
when(enter:42,26)[monsterSpawner_p31_spawn]
when(enter:43,27)[monsterSpawner_p31_spawn]
when(enter:44,28)[monsterSpawner_p31_spawn]
when(enter:45,28)[monsterSpawner_p31_spawn]
when(enter:46,27)[monsterSpawner_p31_spawn]
when(enter:47,26)[monsterSpawner_p31_spawn]
when(enter:48,26)[monsterSpawner_p31_spawn]
when(enter:49,25)[monsterSpawner_p31_spawn]
when(enter:45,15)[monsterSpawner_p31_spawn]
monsterSpawner_p31_spawn::;
((monsterSpawner_p31_state<3))return;
monsterSpawner_p31_state=2;
wait:random(0.67)(5.00);
emerge:45,22,A,CreatureLavaMonster_C,5;
wait:random(0.67)(5.00);
emerge:45,22,A,CreatureLavaMonster_C,5;
wait:random(0.67)(5.00);
emerge:45,22,A,CreatureLavaMonster_C,5;
wait:random(235.98)(361.03);
((monsterSpawner_p31_state>=2))[monsterSpawner_p31_state=3][monsterSpawner_p31_state=0];

# ====================================================================
# #32 Lava Island Nougat NougatCavePlanner R4 23EC 6xLAVA_MONSTER/231s
# ====================================================================
# Spawn monsters
int monsterSpawner_p32_state=0
if(change:40,5)[monsterSpawner_p32_onActive]
monsterSpawner_p32_onActive::;
monsterSpawner_p32_state=3;
monsterSpawner_p32_spawn;

when(enter:38,12)[monsterSpawner_p32_spawn]
when(enter:39,12)[monsterSpawner_p32_spawn]
when(enter:40,12)[monsterSpawner_p32_spawn]
when(enter:41,13)[monsterSpawner_p32_spawn]
when(enter:42,12)[monsterSpawner_p32_spawn]
monsterSpawner_p32_spawn::;
((monsterSpawner_p32_state<3))return;
monsterSpawner_p32_state=2;
wait:random(0.33)(2.50);
emerge:41,7,A,CreatureLavaMonster_C,4;
wait:random(0.33)(2.50);
emerge:41,7,A,CreatureLavaMonster_C,4;
wait:random(0.33)(2.50);
emerge:41,7,A,CreatureLavaMonster_C,4;
wait:random(0.33)(2.50);
emerge:41,7,A,CreatureLavaMonster_C,4;
wait:random(0.33)(2.50);
emerge:41,7,A,CreatureLavaMonster_C,4;
wait:random(0.33)(2.50);
emerge:41,7,A,CreatureLavaMonster_C,4;
wait:random(130.67)(331.46);
((monsterSpawner_p32_state>=2))[monsterSpawner_p32_state=3][monsterSpawner_p32_state=0];

# ===============================================================
# #33 Island Nougat NougatCavePlanner R4 30EC 4xLAVA_MONSTER/124s
# ===============================================================
# Spawn monsters
int monsterSpawner_p33_state=0
if(change:24,6)[monsterSpawner_p33_onActive]
monsterSpawner_p33_onActive::;
monsterSpawner_p33_state=3;
monsterSpawner_p33_spawn;

when(enter:23,14)[monsterSpawner_p33_spawn]
when(enter:24,15)[monsterSpawner_p33_spawn]
when(enter:25,15)[monsterSpawner_p33_spawn]
when(enter:26,14)[monsterSpawner_p33_spawn]
when(enter:27,13)[monsterSpawner_p33_spawn]
monsterSpawner_p33_spawn::;
((monsterSpawner_p33_state<3))return;
monsterSpawner_p33_state=2;
wait:random(0.50)(3.75);
emerge:24,9,A,CreatureLavaMonster_C,4;
wait:random(0.50)(3.75);
emerge:24,9,A,CreatureLavaMonster_C,4;
wait:random(0.50)(3.75);
emerge:24,9,A,CreatureLavaMonster_C,4;
wait:random(0.50)(3.75);
emerge:24,9,A,CreatureLavaMonster_C,4;
wait:random(90.81)(156.62);
((monsterSpawner_p33_state>=2))[monsterSpawner_p33_state=3][monsterSpawner_p33_state=0];

# =====================================================================
# #34 Lava Lake ContiguousFloodedCavePlanner R2 6EC 3xLAVA_MONSTER/222s
# =====================================================================
# Spawn monsters
int monsterSpawner_p34_state=0
if(change:44,58)[monsterSpawner_p34_onActive]
monsterSpawner_p34_onActive::;
monsterSpawner_p34_state=3;

when(enter:44,55)[monsterSpawner_p34_spawn]
when(enter:41,58)[monsterSpawner_p34_spawn]
when(enter:41,59)[monsterSpawner_p34_spawn]
when(enter:42,60)[monsterSpawner_p34_spawn]
when(enter:49,59)[monsterSpawner_p34_spawn]
when(enter:50,58)[monsterSpawner_p34_spawn]
when(enter:51,57)[monsterSpawner_p34_spawn]
when(enter:50,56)[monsterSpawner_p34_spawn]
when(enter:49,56)[monsterSpawner_p34_spawn]
when(enter:45,54)[monsterSpawner_p34_spawn]
monsterSpawner_p34_spawn::;
((monsterSpawner_p34_state<3))return;
monsterSpawner_p34_state=2;
wait:random(0.67)(5.00);
emerge:45,59,A,CreatureLavaMonster_C,2;
wait:random(0.67)(5.00);
emerge:45,59,A,CreatureLavaMonster_C,2;
wait:random(0.67)(5.00);
emerge:45,59,A,CreatureLavaMonster_C,2;
wait:random(132.89)(312.10);
((monsterSpawner_p34_state>=2))[monsterSpawner_p34_state=3][monsterSpawner_p34_state=0];

# ======================================================================
# #35 Lava Lake ContiguousFloodedCavePlanner R2 10EC 4xLAVA_MONSTER/244s
# ======================================================================
# Spawn monsters
int monsterSpawner_p35_state=0
if(change:36,58)[monsterSpawner_p35_onActive]
monsterSpawner_p35_onActive::;
monsterSpawner_p35_state=3;

when(enter:33,58)[monsterSpawner_p35_spawn]
when(enter:33,59)[monsterSpawner_p35_spawn]
when(enter:34,60)[monsterSpawner_p35_spawn]
when(enter:40,60)[monsterSpawner_p35_spawn]
when(enter:41,59)[monsterSpawner_p35_spawn]
when(enter:41,58)[monsterSpawner_p35_spawn]
monsterSpawner_p35_spawn::;
((monsterSpawner_p35_state<3))return;
monsterSpawner_p35_state=2;
wait:random(0.50)(3.75);
emerge:37,59,A,CreatureLavaMonster_C,2;
wait:random(0.50)(3.75);
emerge:37,59,A,CreatureLavaMonster_C,2;
wait:random(0.50)(3.75);
emerge:37,59,A,CreatureLavaMonster_C,2;
wait:random(0.50)(3.75);
emerge:37,59,A,CreatureLavaMonster_C,2;
wait:random(147.38)(339.93);
((monsterSpawner_p35_state>=2))[monsterSpawner_p35_state=3][monsterSpawner_p35_state=0];

# ==========================================================
# #36 Open SimpleSpawnCavePlanner R2 4EC 1xLAVA_MONSTER/200s
# ==========================================================
# Spawn monsters
int monsterSpawner_p36_state=0
if(time:0)[monsterSpawner_p36_onActive]
monsterSpawner_p36_onActive::;
wait:random(60)(180);
monsterSpawner_p36_state=3;

when(enter:53,17)[monsterSpawner_p36_spawn]
when(enter:53,18)[monsterSpawner_p36_spawn]
when(enter:54,19)[monsterSpawner_p36_spawn]
when(enter:55,19)[monsterSpawner_p36_spawn]
monsterSpawner_p36_spawn::;
((monsterSpawner_p36_state<3))return;
monsterSpawner_p36_state=2;
wait:random(2.00)(15.00);
emerge:55,14,A,CreatureLavaMonster_C,2;
wait:random(113.32)(286.68);
((monsterSpawner_p36_state>=2))[monsterSpawner_p36_state=3][monsterSpawner_p36_state=0];

# =====================================================================
# #37 Lava Lake ContiguousFloodedCavePlanner R2 5EC 3xLAVA_MONSTER/218s
# =====================================================================
# Spawn monsters
int monsterSpawner_p37_state=0
if(change:28,39)[monsterSpawner_p37_onActive]
monsterSpawner_p37_onActive::;
monsterSpawner_p37_state=3;

when(enter:28,42)[monsterSpawner_p37_spawn]
when(enter:29,42)[monsterSpawner_p37_spawn]
when(enter:30,41)[monsterSpawner_p37_spawn]
when(enter:31,40)[monsterSpawner_p37_spawn]
when(enter:29,35)[monsterSpawner_p37_spawn]
monsterSpawner_p37_spawn::;
((monsterSpawner_p37_state<3))return;
monsterSpawner_p37_state=2;
wait:random(0.67)(5.00);
emerge:29,39,A,CreatureLavaMonster_C,2;
wait:random(0.67)(5.00);
emerge:29,39,A,CreatureLavaMonster_C,2;
wait:random(0.67)(5.00);
emerge:29,39,A,CreatureLavaMonster_C,2;
wait:random(127.42)(309.47);
((monsterSpawner_p37_state>=2))[monsterSpawner_p37_state=3][monsterSpawner_p37_state=0];

# ======================================================================
# #38 Lava Lake ContiguousFloodedCavePlanner R2 10EC 5xLAVA_MONSTER/253s
# ======================================================================
# Spawn monsters
int monsterSpawner_p38_state=0
if(change:6,39)[monsterSpawner_p38_onActive]
monsterSpawner_p38_onActive::;
monsterSpawner_p38_state=3;

when(enter:6,42)[monsterSpawner_p38_spawn]
when(enter:7,42)[monsterSpawner_p38_spawn]
when(enter:8,41)[monsterSpawner_p38_spawn]
when(enter:9,40)[monsterSpawner_p38_spawn]
when(enter:10,39)[monsterSpawner_p38_spawn]
when(enter:11,37)[monsterSpawner_p38_spawn]
when(enter:10,36)[monsterSpawner_p38_spawn]
when(enter:9,36)[monsterSpawner_p38_spawn]
when(enter:8,36)[monsterSpawner_p38_spawn]
when(enter:7,36)[monsterSpawner_p38_spawn]
when(enter:4,41)[monsterSpawner_p38_spawn]
monsterSpawner_p38_spawn::;
((monsterSpawner_p38_state<3))return;
monsterSpawner_p38_state=2;
wait:random(0.40)(3.00);
emerge:7,39,A,CreatureLavaMonster_C,2;
wait:random(0.40)(3.00);
emerge:7,39,A,CreatureLavaMonster_C,2;
wait:random(0.40)(3.00);
emerge:7,39,A,CreatureLavaMonster_C,2;
wait:random(0.40)(3.00);
emerge:7,39,A,CreatureLavaMonster_C,2;
wait:random(0.40)(3.00);
emerge:7,39,A,CreatureLavaMonster_C,2;
wait:random(108.04)(397.43);
((monsterSpawner_p38_state>=2))[monsterSpawner_p38_state=3][monsterSpawner_p38_state=0];

# ======================================================================
# #39 Lava Lake ContiguousFloodedCavePlanner R3 16EC 3xLAVA_MONSTER/180s
# ======================================================================
# Spawn monsters
int monsterSpawner_p39_state=0
if(change:28,50)[monsterSpawner_p39_onActive]
monsterSpawner_p39_onActive::;
monsterSpawner_p39_state=3;

when(enter:30,59)[monsterSpawner_p39_spawn]
when(enter:31,58)[monsterSpawner_p39_spawn]
when(enter:31,57)[monsterSpawner_p39_spawn]
when(enter:31,46)[monsterSpawner_p39_spawn]
when(enter:30,45)[monsterSpawner_p39_spawn]
when(enter:29,45)[monsterSpawner_p39_spawn]
when(enter:28,46)[monsterSpawner_p39_spawn]
when(enter:26,48)[monsterSpawner_p39_spawn]
when(enter:25,49)[monsterSpawner_p39_spawn]
when(enter:24,50)[monsterSpawner_p39_spawn]
when(enter:23,51)[monsterSpawner_p39_spawn]
when(enter:23,52)[monsterSpawner_p39_spawn]
monsterSpawner_p39_spawn::;
((monsterSpawner_p39_state<3))return;
monsterSpawner_p39_state=2;
wait:random(0.67)(5.00);
emerge:27,58,A,CreatureLavaMonster_C,2;
wait:random(0.67)(5.00);
emerge:29,51,A,CreatureLavaMonster_C,3;
wait:random(0.67)(5.00);
emerge:27,58,A,CreatureLavaMonster_C,2;
wait:random(125.68)(234.32);
((monsterSpawner_p39_state>=2))[monsterSpawner_p39_state=3][monsterSpawner_p39_state=0];

}